# METIS WFS dichroic (ZnSe), at ca. 60 K (TBC)
# received from Roy as METIS_CFO_WDS_dichroic.csv on 25 May 2018
#
# wavelength     transmission       emissivity
#   [micron]  [dimensionless]  [dimensionless]
   1.0033284        0.2194135        0.0199433
   1.0100157        0.1099403        0.0195908
   1.0167475        0.0843593        0.0192446
   1.0235242        0.0716476        0.0189045
   1.0303461        0.0720038        0.0185704
   1.0372134        0.0919191        0.0182422
   1.0441265        0.1416785        0.0179198
   1.0510857        0.2309673        0.0176031
   1.0580913        0.4243211        0.0172920
   1.0651435        0.5176340        0.0169864
   1.0722428        0.5214615        0.0166863
   1.0793894        0.4114041        0.0163914
   1.0865836        0.3908079        0.0161017
   1.0938258        0.4240225        0.0158171
   1.1011162        0.4895672        0.0155376
   1.1084552        0.5064470        0.0152630
   1.1158432        0.3972272        0.0149933
   1.1232803        0.2759958        0.0147283
   1.1307671        0.1886248        0.0144680
   1.1383037        0.1554635        0.0142123
   1.1458906        0.1503563        0.0139612
   1.1535281        0.1731685        0.0137144
   1.1612164        0.2364506        0.0134721
   1.1689560        0.3920166        0.0132340
   1.1767472        0.5236547        0.0130001
   1.1845903        0.4246020        0.0127703
   1.1924857        0.2097041        0.0125447
   1.2004337        0.1010486        0.0123230
   1.2084347        0.0650442        0.0121052
   1.2164890        0.0469688        0.0118913
   1.2245970        0.0387015        0.0116811
   1.2327590        0.0362759        0.0114747
   1.2409754        0.0378779        0.0112719
   1.2492466        0.0453220        0.0110727
   1.2575730        0.0656897        0.0108770
   1.2659548        0.1154700        0.0106848
   1.2743925        0.2596438        0.0104959
   1.2828864        0.4995198        0.0103105
   1.2914369        0.6785570        0.0101282
   1.3000444        0.3713193        0.0099492
   1.3087093        0.2387463        0.0097734
   1.3174320        0.1929881        0.0096007
   1.3262128        0.2001531        0.0094310
   1.3350521        0.2655724        0.0092644
   1.3439503        0.4112512        0.0091006
   1.3529078        0.5352978        0.0089398
   1.3619251        0.4490662        0.0087818
   1.3710024        0.2365727        0.0086266
   1.3801402        0.1333830        0.0084742
   1.3893390        0.0929085        0.0083244
   1.3985990        0.0736618        0.0081773
   1.4079208        0.0670396        0.0080328
   1.4173047        0.0696524        0.0078908
   1.4267511        0.0804517        0.0077514
   1.4362605        0.1019034        0.0076144
   1.4458333        0.1388330        0.0074798
   1.4554699        0.1869903        0.0073476
   1.4651707        0.2187560        0.0072178
   1.4749362        0.2092170        0.0070902
   1.4847668        0.1729330        0.0069649
   1.4946628        0.1384778        0.0068418
   1.5046249        0.1156002        0.0067209
   1.5146533        0.1037427        0.0066021
   1.5247486        0.0995251        0.0064855
   1.5349112        0.1014556        0.0063708
   1.5451415        0.1081132        0.0062583
   1.5554400        0.1185280        0.0061477
   1.5658071        0.1332913        0.0060390
   1.5762433        0.1506135        0.0059323
   1.5867491        0.1691483        0.0058274
   1.5973249        0.1874523        0.0057245
   1.6079712        0.2023625        0.0056233
   1.6186884        0.2084754        0.0055239
   1.6294771        0.2023660        0.0054263
   1.6403377        0.1821895        0.0053304
   1.6512707        0.1558232        0.0052362
   1.6622765        0.1292192        0.0051437
   1.6733557        0.1072952        0.0050528
   1.6845088        0.0901386        0.0049635
   1.6957361        0.0784111        0.0048757
   1.7070383        0.0707770        0.0047896
   1.7184159        0.0673168        0.0047049
   1.7298693        0.0670000        0.0046218
   1.7413990        0.0706995        0.0045401
   1.7530055        0.0780055        0.0044599
   1.7646894        0.0920342        0.0043810
   1.7764512        0.1141928        0.0043036
   1.7882914        0.1477035        0.0042276
   1.8002105        0.1949475        0.0041529
   1.8122091        0.2456272        0.0040795
   1.8242876        0.2681425        0.0040074
   1.8364466        0.2476604        0.0039365
   1.8486866        0.2039909        0.0038670
   1.8610083        0.1634794        0.0037986
   1.8734120        0.1355408        0.0037315
   1.8858985        0.1185117        0.0036656
   1.8984681        0.1089191        0.0036008
   1.9111216        0.1073365        0.0035371
   1.9238593        0.1127016        0.0034746
   1.9366820        0.1250184        0.0034132
   1.9495901        0.1453031        0.0033529
   1.9625843        0.1757191        0.0032937
   1.9756651        0.2097291        0.0032354
   1.9888330        0.2368994        0.0031783
   2.0020887        0.2352402        0.0031221
   2.0154328        0.2052448        0.0030669
   2.0288658        0.1645158        0.0030127
   2.0423884        0.1289843        0.0029595
   2.0560010        0.1033982        0.0029072
   2.0697045        0.0863250        0.0028558
   2.0834992        0.0752504        0.0028053
   2.0973859        0.0690456        0.0027558
   2.1113651        0.0660000        0.0027071
   2.1254375        0.0665438        0.0026592
   2.1396037        0.0698811        0.0026122
   2.1538643        0.0759321        0.0025661
   2.1682200        0.0855759        0.0025207
   2.1826714        0.1002056        0.0024762
   2.1972190        0.1198285        0.0024324
   2.2118637        0.1457272        0.0023894
   2.2266059        0.1758723        0.0023472
   2.2414464        0.2064589        0.0023057
   2.2563858        0.2280244        0.0022650
   2.2714248        0.2355726        0.0022249
   2.2865640        0.2277488        0.0021856
   2.3018041        0.2118350        0.0021470
   2.3171458        0.1941395        0.0021090
   2.3325898        0.1799281        0.0020718
   2.3481367        0.1691179        0.0020352
   2.3637872        0.1642425        0.0019992
   2.3795420        0.1639542        0.0019639
   2.3954018        0.1681607        0.0019292
   2.4113674        0.1770938        0.0018951
   2.4274393        0.1921832        0.0018616
   2.4436184        0.2137893        0.0018287
   2.4599053        0.2418294        0.0017964
   2.4763007        0.2797518        0.0017646
   2.4928055        0.3269775        0.0017334
   2.5094202        0.3829707        0.0017028
   2.5261457        0.4485828        0.0016727
   2.5429826        0.5188255        0.0016431
   2.5599318        0.5897206        0.0016141
   2.5769939        0.6534790        0.0015856
   2.5941698        0.7058417        0.0015575
   2.6114601        0.7446284        0.0015300
   2.6288657        0.7715253        0.0015030
   2.6463873        0.7897485        0.0014764
   2.6640257        0.8024154        0.0014503
   2.6817816        0.8130689        0.0014247
   2.6996559        0.8228279        0.0013995
   2.7176493        0.8328246        0.0013842
   2.7357626        0.8434576        0.0013692
   2.7539967        0.8529984        0.0013544
   2.7723523        0.8619409        0.0013398
   2.7908302        0.8692491        0.0013253
   2.8094313        0.8748294        0.0013110
   2.8281564        0.8786313        0.0012968
   2.8470063        0.8817007        0.0012828
   2.8659818        0.8841964        0.0012689
   2.8850838        0.8865084        0.0012552
   2.9043131        0.8898626        0.0012416
   2.9236706        0.8937341        0.0012282
   2.9431570        0.8989471        0.0012149
   2.9627734        0.9048320        0.0012017
   2.9825205        0.9110082        0.0011887
   3.0023992        0.9177198        0.0011759
   3.0224105        0.9234821        0.0011632
   3.0425551        0.9275110        0.0011506
   3.0628339        0.9302834        0.0011382
   3.0832479        0.9310000        0.0011258
   3.1037980        0.9306202        0.0011137
   3.1244851        0.9285515        0.0011016
   3.1453100        0.9254690        0.0010897
   3.1662737        0.9217453        0.0010779
   3.1873772        0.9182623        0.0010663
   3.2086213        0.9151379        0.0010547
   3.2300070        0.9129993        0.0010433
   3.2515352        0.9110000        0.0010321
   3.2732070        0.9110000        0.0010209
   3.2950231        0.9115023        0.0010099
   3.3169847        0.9130000        0.0009989
   3.3390927        0.9149093        0.0009881
   3.3613480        0.9161348        0.0009774
   3.3837516        0.9180000        0.0009669
   3.4063046        0.9190000        0.0009564
   3.4290079        0.9190000        0.0009461
   3.4518625        0.9178137        0.0009358
   3.4748694        0.9155131        0.0009257
   3.4980297        0.9123941        0.0009157
   3.5213443        0.9087311        0.0009058
   3.5448143        0.9050371        0.0008960
   3.5684408        0.9003118        0.0008863
   3.5922247        0.8965551        0.0008767
   3.6161671        0.8927666        0.0008673
   3.6402692        0.8899731        0.0008579
   3.6645318        0.8875468        0.0008486
   3.6889562        0.8861044        0.0008394
   3.7135434        0.8860000        0.0008304
   3.7382944        0.8870000        0.0008214
   3.7632105        0.8883211        0.0008125
   3.7882925        0.8908292        0.0008037
   3.8135418        0.8923542        0.0007997
   3.8389594        0.8948959        0.0007997
   3.8645463        0.8974547        0.0007997
   3.8903038        0.9000000        0.0007997
   3.9162330        0.9016233        0.0007997
   3.9423350        0.9022335        0.0007997
   3.9686109        0.9030000        0.0007997
   3.9950620        0.9030000        0.0007997
   4.0216894        0.9020000        0.0007997
   4.0484943        0.9010000        0.0007997
   4.0754778        0.8994522        0.0007997
   4.1026412        0.8977359        0.0007997
   4.1299856        0.8960015        0.0007997
   4.1575122        0.8950000        0.0007997
   4.1852224        0.8940000        0.0007997
   4.2131172        0.8940000        0.0007997
   4.2411979        0.8940000        0.0007997
   4.2694659        0.8949466        0.0007997
   4.2979222        0.8960000        0.0007997
   4.3265681        0.8976568        0.0007997
   4.3554050        0.9005405        0.0007997
   4.3844342        0.9034434        0.0007997
   4.4136567        0.9063657        0.0007997
   4.4430741        0.9093074        0.0007997
   4.4726875        0.9122688        0.0007997
   4.5024983        0.9162498        0.0007997
   4.5325078        0.9182508        0.0007997
   4.5627173        0.9210000        0.0007997
   4.5931282        0.9230000        0.0007997
   4.6237417        0.9240000        0.0007997
   4.6545593        0.9250000        0.0007997
   4.6855823        0.9250000        0.0007997
   4.7168121        0.9243188        0.0007997
   4.7482500        0.9231750        0.0007997
   4.7798974        0.9220103        0.0007997
   4.8117558        0.9208244        0.0007997
   4.8438265        0.9190000        0.0007997
   4.8761110        0.9170000        0.0007997
   4.9086106        0.9151389        0.0007997
   4.9413269        0.9140000        0.0007997
   4.9742612        0.9125739        0.0007997
   5.0074151        0.9120000        0.0007997
   5.0407899        0.9110000        0.0007997
   5.0743871        0.9110000        0.0007997
   5.1082083        0.9110000        0.0007997
   5.1422549        0.9120000        0.0007997
   5.1765284        0.9126528        0.0007997
   5.2110303        0.9140000        0.0007997
   5.2457623        0.9150000        0.0007997
   5.2807257        0.9170000        0.0008011
   5.3159221        0.9180000        0.0008028
   5.3513531        0.9200000        0.0008045
   5.3870203        0.9210000        0.0008062
   5.4229252        0.9220000        0.0008079
   5.4590694        0.9230000        0.0008096
   5.4954545        0.9240000        0.0008113
   5.5320821        0.9240000        0.0008131
   5.5689539        0.9240000        0.0008148
   5.6060714        0.9240000        0.0008165
   5.6434363        0.9230000        0.0008182
   5.6810502        0.9218950        0.0008199
   5.7189148        0.9200000        0.0008217
   5.7570318        0.9182968        0.0008234
   5.7954029        0.9164597        0.0008251
   5.8340297        0.9140000        0.0008269
   5.8729139        0.9120000        0.0008286
   5.9120574        0.9097943        0.0008304
   5.9514617        0.9078538        0.0008321
   5.9911286        0.9058871        0.0008339
   6.0310599        0.9040000        0.0008357
   6.0712574        0.9028743        0.0008374
   6.1117228        0.9010000        0.0008392
   6.1524579        0.9000000        0.0008410
   6.1934645        0.9000000        0.0008427
   6.2347444        0.8990000        0.0008445
   6.2762995        0.8990000        0.0008463
   6.3181315        0.8998131        0.0008481
   6.3602423        0.9000000        0.0008499
   6.4026338        0.9010000        0.0008517
   6.4453078        0.9020000        0.0008535
   6.4882663        0.9030000        0.0008553
   6.5315111        0.9040000        0.0008571
   6.5750441        0.9055044        0.0008589
   6.6188673        0.9070000        0.0008607
   6.6629825        0.9080000        0.0008625
   6.7073918        0.9097392        0.0008643
   6.7520971        0.9110000        0.0008662
   6.7971003        0.9120000        0.0008680
   6.8424035        0.9130000        0.0008698
   6.8880086        0.9130000        0.0008717
   6.9339177        0.9140000        0.0008735
   6.9801328        0.9140000        0.0008753
   7.0266559        0.9140000        0.0008772
   7.0734891        0.9140000        0.0008790
   7.1206345        0.9140000        0.0008809
   7.1680941        0.9130000        0.0008828
   7.2158699        0.9124130        0.0008846
   7.2639643        0.9120000        0.0008865
   7.3123791        0.9110000        0.0008884
   7.3611167        0.9100000        0.0008902
   7.4101791        0.9090000        0.0008921
   7.4595685        0.9080000        0.0008940
   7.5092871        0.9070000        0.0008959
   7.5593371        0.9070000        0.0008978
   7.6097206        0.9060000        0.0008997
   7.6604400        0.9050000        0.0009016
   7.7114974        0.9050000        0.0009035
   7.7628951        0.9050000        0.0009054
   7.8146354        0.9050000        0.0009073
   7.8667205        0.9050000        0.0009092
   7.9191528        0.9050000        0.0009111
   7.9719346        0.9060000        0.0009131
   8.0250681        0.9070000        0.0009150
   8.0785558        0.9080000        0.0009169
   8.1324000        0.9090000        0.0009189
   8.1866031        0.9106603        0.0009208
   8.2411674        0.9120000        0.0009227
   8.2960954        0.9136095        0.0009247
   8.3513895        0.9151389        0.0009266
   8.4070522        0.9170000        0.0009286
   8.4630858        0.9190000        0.0009306
   8.5194929        0.9210000        0.0009325
   8.5762760        0.9230000        0.0009345
   8.6334375        0.9243438        0.0009365
   8.6909800        0.9260980        0.0009384
   8.7489061        0.9280000        0.0009404
   8.8072182        0.9297218        0.0009424
   8.8659190        0.9310000        0.0009444
   8.9250110        0.9320000        0.0009464
   8.9844969        0.9334497        0.0009484
   9.0443792        0.9344379        0.0009504
   9.1046607        0.9350000        0.0009524
   9.1653439        0.9360000        0.0009544
   9.2264316        0.9360000        0.0009564
   9.2879265        0.9360000        0.0009584
   9.3498312        0.9360000        0.0009605
   9.4121486        0.9360000        0.0009625
   9.4748813        0.9360000        0.0009645
   9.5380321        0.9350000        0.0009666
   9.6016038        0.9340000        0.0009686
   9.6655992        0.9340000        0.0009707
   9.7300211        0.9330000        0.0009727
   9.7948725        0.9320000        0.0009748
   9.8601560        0.9310000        0.0009768
   9.9258747        0.9300000        0.0009789
   9.9920314        0.9290000        0.0009809
  10.0586291        0.9270000        0.0009830
  10.1256706        0.9260000        0.0009851
  10.1931590        0.9240000        0.0009872
  10.2610971        0.9220000        0.0009893
  10.3294881        0.9200000        0.0009913
  10.3983350        0.9171665        0.0009934
  10.4676407        0.9150000        0.0009955
  10.5374083        0.9130000        0.0009976
  10.6076409        0.9110000        0.0010107
  10.6783416        0.9090000        0.0011201
  10.7495136        0.9070000        0.0012414
  10.8211599        0.9058840        0.0013758
  10.8932838        0.9040000        0.0015247
  10.9658883        0.9030000        0.0016898
  11.0389768        0.9020000        0.0018728
  11.1125524        0.9020000        0.0020755
  11.1866184        0.9013382        0.0023002
  11.2611781        0.9010000        0.0025492
  11.3362347        0.9020000        0.0028252
  11.4117916        0.9030000        0.0031311
  11.4878520        0.9040000        0.0034700
  11.5644194        0.9050000        0.0038457
  11.6414971        0.9051497        0.0042621
  11.7190886        0.9060000        0.0047235
  11.7971972        0.9060000        0.0052348
  11.8758264        0.9060000        0.0058016
  11.9549797        0.9060000        0.0064297
  12.0346606        0.9060000        0.0071257
  12.1148725        0.9060000        0.0078972
  12.1956190        0.9054381        0.0087521
  12.2769038        0.9050000        0.0096997
  12.3587303        0.9050000        0.0107498
  12.4411021        0.9050000        0.0119136
  12.5240230        0.9050000        0.0132033
  12.6074966        0.9060000        0.0146327
  12.6915265        0.9050000        0.0162169
  12.7761165        0.9050000        0.0179726
  12.8612703        0.9050000        0.0199183
  12.9469916        0.9040000        0.0220747
  13.0332843        0.9026716        0.0244645
  13.1201521        0.9000000        0.0271131
  13.2075989        0.8970000        0.0300484
  13.2956286        0.8920000        0.0333015
  13.3842450        0.8860000        0.0369067
  13.4734520        0.8800000        0.0409023
  13.5632536        0.8736747        0.0453304
  13.6536537        0.8680000        0.0502380
  13.7446563        0.8630000        0.0556768
  13.8362655        0.8553735        0.0617044
  13.9284852        0.8431515        0.0683846
  14.0213196        0.8475127        0.0757880
  14.1147728        0.8366099        0.0839930
  14.2088488        0.8256343        0.0930862
  14.3035519        0.8145856        0.1032130
  14.3988862        0.8034633        0.1158558
  14.4948558        0.7922668        0.1300473
  14.5914651        0.7809958        0.1458884
  14.6887184        0.7696495        0.1636534
  14.7866198        0.7582277        0.1859508
  14.8851737        0.7467297        0.2116404
  14.9843845        0.7351552        0.2165953
  15.0842566        0.7235034        0.2175526
  15.1847943        0.7117740        0.2185141
  15.2860021        0.6999664        0.2361412
  15.3878845        0.6880802        0.2585238
  15.4904459        0.6761147        0.2635671
  15.5936909        0.6640694        0.2661488
  15.6976240        0.6519439        0.2760575
  15.8022499        0.6397375        0.2868331
  15.9075731        0.6274498        0.2944351
  16.0135983        0.6150802        0.2582978
  16.1203301        0.6026282        0.2295270
  16.2277733        0.5900931        0.2154517
  16.3359327        0.5774745        0.2022395
  16.4448129        0.5647718        0.2015372
  16.5544188        0.5519845        0.2188262
  16.6647553        0.5391119        0.2375983
  16.7758271        0.5261535        0.2565997
  16.8876393        0.5131087        0.2764278
  17.0001967        0.4999902        0.2806866
  17.1135043        0.4943248        0.2829320
  17.2275671        0.4886216        0.2815646
  17.3423901        0.4828805        0.2691264
  17.4579785        0.4771011        0.2572377
  17.5743372        0.4712831        0.2519103
  17.6914715        0.4654264        0.2501104
  17.8093865        0.4595307        0.2483233
  17.9280874        0.4535956        0.2496875
  18.0475795        0.4476210        0.2615521
  18.1678680        0.4416066        0.2739803
  18.2889582        0.4355521        0.2927793
  18.4108555        0.4294572        0.3151372
  18.5335652        0.4233217        0.3381181
  18.6570929        0.4171454        0.3596933
  18.7814438        0.4109278        0.3826452
  18.9066236        0.4046688        0.4082759
  19.0326376        0.3885768        0.4595686
  19.1594916        0.3441779        0.5173054
  19.2871911        0.2994831        0.5812339
  19.4157417        0.2544904        0.6525072
  19.5451491        0.2091978        0.7325204
  19.6754190        0.1636034        0.7929222
  19.8065571        0.1177050        0.8357840
  19.9385693        0.0715007        0.8809629
  20.0714614        0.0249885        0.9104207
  20.2052392        0.0000000        0.9249690
  20.3399087        0.0000000        0.9397497
  20.4754757        0.0000000        0.9499372
  20.6119463        0.0000000        0.9563532
  20.7493265        0.0000000        0.9628126
  20.8876223        0.0000000        0.9696252
  21.0268399        0.0000000        0.9766669
  21.1669854        0.0000000        0.9837598
  21.3080649        0.0000000        0.9906881
  21.4500848        0.0000000        0.9940716
  21.5930513        0.0000000        0.9974666
  21.7369706        0.0000000        0.9999992
  21.8818491        0.0000000        0.9999995
  22.0276933        0.0000000        0.9999997
  22.1745096        0.0000000        1.0000000
  22.3223044        0.0000000        1.0000000
  22.4710842        0.0000000        1.0000000
  22.6208557        0.0000000        1.0000000
  22.7716254        0.0000000        1.0000000
  22.9234000        0.0000000        1.0000000
  23.0761862        0.0000000        1.0000000
  23.2299908        0.0000000        1.0000000
  23.3848204        0.0000000        1.0000000
  23.5406820        0.0000000        1.0000000
  23.6975824        0.0000000        1.0000000
  23.8555286        0.0000000        1.0000000
  24.0145275        0.0000000        1.0000000
  24.1745862        0.0000000        1.0000000
  24.3357116        0.0000000        1.0000000
  24.4979110        0.0000000        1.0000000
  24.6611914        0.0000000        1.0000000
  24.8255601        0.0000000        1.0000000
  24.9910244        0.0000000        1.0000000
  25.1575915        0.0000000        1.0000000
  25.3252687        0.0000000        1.0000000
  25.4940635        0.0000000        1.0000000
  25.6639834        0.0000000        1.0000000
  25.8350358        0.0000000        1.0000000
  26.0072283        0.0000000        1.0000000
  26.1805684        0.0000000        1.0000000
  26.3550639        0.0000000        1.0000000
  26.5307224        0.0000000        1.0000000
  26.7075517        0.0000000        1.0000000
  26.8855595        0.0000000        1.0000000
  27.0647538        0.0000000        1.0000000
  27.2451425        0.0000000        1.0000000
  27.4267334        0.0000000        1.0000000
  27.6095347        0.0000000        1.0000000
  27.7935543        0.0000000        1.0000000
  27.9788005        0.0000000        1.0000000
  28.1652813        0.0000000        1.0000000
  28.3530050        0.0000000        1.0000000
  28.5419800        0.0000000        1.0000000
  28.7322144        0.0000000        1.0000000
  28.9237168        0.0000000        1.0000000
  29.1164956        0.0000000        1.0000000
  29.3105592        0.0000000        1.0000000
  29.5059163        0.0000000        1.0000000
  29.7025755        0.0000000        1.0000000
  29.9005454        0.0000000        1.0000000
