# Response curve for the Gemini Pa Beta Curve
#  
# Wavelength(micron)  Throughput
0.3     0.0
1.2116487616	0.0093
1.2120086897	0.007647
1.2123686178	0.00854
1.2127285459	0.008348
1.213088474	0.010882
1.2134484021	0.008139
1.2138083302	0.010924
1.2141682583	0.011681
1.2145281864	0.011368
1.2148881145	0.015327
1.2152480426	0.016601
1.2156079707	0.016524
1.2159678988	0.011566
1.2163278269	0.010007
1.216687755	0.014846
1.2170476831	0.016687
1.2174076112	0.012205
1.2177675393	0.0113
1.2181274674	0.011425
1.2184873955	0.009296
1.2188473236	0.016105
1.2192072517	0.014969
1.2195671798	0.012897
1.2199271079	0.017783
1.2206469641	0.018069
1.2210068922	0.011485
1.2213668203	0.018968
1.2217267484	0.014816
1.2220866765	0.003229
1.2224466046	0.00403
1.2228065327	0.008464
1.2231664607	0.008771
1.2235263888	0.010144
1.2238863169	0.006949
1.224246245	0.006421
1.2246061731	0.01448
1.2249661012	0.015097
1.2253260293	0.019382
1.2256859574	0.018715
1.2260458855	0.012848
1.2264058136	0.017661
1.2267657417	0.020926
1.2271256698	0.016774
1.2274855979	0.012745
1.227845526	0.017587
1.2282054541	0.018768
1.2285653822	0.014608
1.2289253103	0.009956
1.2292852384	0.008968
1.2296451665	0.015893
1.2300050946	0.016607
1.2303650227	0.013823
1.2307249508	0.009989
1.2310848789	0.00944
1.231444807	0.005544
1.2318047351	0.015432
1.2321646632	0.014569
1.2325245913	0.008174
1.2328845194	0.010263
1.2332444475	0.006255
1.2336043756	0.003134
1.2339643037	0.0089
1.2343242318	0.00742
1.2346841599	0.004084
1.235044088	0.004785
1.2354040161	0.012027
1.2357639442	0.007033
1.2361238722	0.003945
1.2364838003	0.008382
1.2368437284	0.007872
1.2372036565	0.009341
1.2375635846	0.014334
1.2379235127	0.008308
1.2382834408	0.01078
1.2386433689	0.00971
1.239003297	0.007692
1.2393632251	0.004065
1.2397231532	0.006663
1.2400830813	0.008323
1.2404430094	0.008896
1.2408029375	0.00955
1.2411628656	0.011113
1.2415227937	0.008477
1.2418827218	0.011945
1.2422426499	0.006972
1.242602578	0.005117
1.2429625061	0.004775
1.2433224342	0.006022
1.2436823623	0.006433
1.2440422904	0.005045
1.2444022185	0.003495
1.2447621466	0.005392
1.2451220747	0.01272
1.2454820028	0.016037
1.2458419309	0.015711
1.246201859	0.011803
1.2465617871	0.009285
1.2469217152	0.010993
1.2472816433	0.010475
1.2476415714	0.009586
1.2480014995	0.012148
1.2483614276	0.015128
1.2487213557	0.018235
1.2490812838	0.013796
1.2494412118	0.012335
1.2498011399	0.015171
1.250161068	0.013891
1.2505209961	0.013392
1.2519607085	0.009255
1.2523206366	0.020292
1.2526805647	0.018097
1.2530404928	0.018522
1.2534004209	0.016479
1.253760349	0.016576
1.2541202771	0.019514
1.2544802052	0.019458
1.2548401333	0.018718
1.2552000614	0.020642
1.2555599895	0.020191
1.2559199176	0.020321
1.2562798457	0.020855
1.2566397738	0.021007
1.2569997019	0.022311
1.25735963	0.023276
1.2577195581	0.022742
1.2580794862	0.02315
1.2584394143	0.020284
1.2587993424	0.025373
1.2591592705	0.021979
1.2595191986	0.022613
1.2598791267	0.026697
1.2602390548	0.02609
1.2605989829	0.025061
1.260958911	0.026389
1.2613188391	0.028382
1.2616787672	0.03262
1.2620386953	0.032965
1.2623986233	0.035657
1.2627585514	0.033845
1.2631184795	0.033048
1.2634784076	0.035445
1.2638383357	0.036895
1.2641982638	0.043368
1.2645581919	0.048509
1.26491812	0.051131
1.2652780481	0.055457
1.2656379762	0.06526
1.2659979043	0.07546
1.2663578324	0.082418
1.2667177605	0.089503
1.2670776886	0.097046
1.2674376167	0.106812
1.2677975448	0.116064
1.2681574729	0.132335
1.268517401	0.148784
1.2688773291	0.165539
1.2692372572	0.184607
1.2695971853	0.203343
1.2699571134	0.227463
1.2703170415	0.24887
1.2706769696	0.274213
1.2710368977	0.298402
1.2713968258	0.318192
1.2717567539	0.343143
1.272116682	0.367318
1.2724766101	0.395338
1.2728365382	0.425922
1.2731964663	0.444203
1.2735563944	0.466746
1.2739163225	0.495047
1.2742762506	0.511504
1.2746361787	0.529814
1.2749961068	0.54588
1.2753560348	0.55914
1.2757159629	0.575782
1.276075891	0.58602
1.2764358191	0.601413
1.2767957472	0.611715
1.2771556753	0.622643
1.2775156034	0.630938
1.2778755315	0.630025
1.2782354596	0.635072
1.2785953877	0.634496
1.2789553158	0.626494
1.2793152439	0.628371
1.279675172	0.623779
1.2800351001	0.628773
1.2803950282	0.622136
1.2807549563	0.613539
1.2811148844	0.613204
1.2814748125	0.611553
1.2818347406	0.607151
1.2821946687	0.60033
1.2825545968	0.605991
1.2829145249	0.605035
1.283274453	0.603607
1.2836343811	0.606751
1.2839943092	0.604146
1.2843542373	0.597213
1.2847141654	0.595547
1.2850740935	0.587095
1.2854340216	0.588976
1.2857939497	0.587676
1.2861538778	0.585371
1.2865138059	0.585022
1.286873734	0.573208
1.2872336621	0.558894
1.2875935902	0.546334
1.2879535183	0.533212
1.2883134464	0.516118
1.2886733744	0.506057
1.2890333025	0.495208
1.2893932306	0.46986
1.2897531587	0.441679
1.2901130868	0.420851
1.2904730149	0.396677
1.290832943	0.36713
1.2911928711	0.337921
1.2915527992	0.306755
1.2919127273	0.282683
1.2922726554	0.261368
1.2926325835	0.234109
1.2929925116	0.206143
1.2933524397	0.178757
1.2937123678	0.157067
1.2940722959	0.141176
1.294432224	0.123616
1.2947921521	0.106913
1.2951520802	0.094423
1.2955120083	0.087494
1.2958719364	0.073359
1.2962318645	0.06837
1.2965917926	0.057552
1.2969517207	0.054359
1.2973116488	0.049583
1.2976715769	0.044171
1.298031505	0.039389
1.2983914331	0.036211
1.2987513612	0.035197
1.2991112893	0.032077
1.2994712174	0.034253
1.2998311455	0.031708
1.3001910736	0.030134
1.3005510017	0.026411
1.3009109298	0.025198
1.3012708579	0.025024
1.3016307859	0.024318
1.301990714	0.022868
1.3023506421	0.022147
1.3027105702	0.02263
1.3030704983	0.02083
1.3034304264	0.018715
1.3037903545	0.015024
1.3041502826	0.013696
1.3045102107	0.014629
1.3048701388	0.01468
1.3052300669	0.010969
1.305589995	0.010858
1.3059499231	0.014802
1.3063098512	0.01295
1.3066697793	0.012702
1.3070297074	0.018122
1.3073896355	0.019466
1.3077495636	0.016124
1.3081094917	0.014587
1.3084694198	0.014333
1.3088293479	0.017248
1.309189276	0.015065
1.3095492041	0.011814
1.3099091322	0.006792
1.3102690603	0.006524
1.3106289884	0.007906
1.3109889165	0.010055
1.3113488446	0.007283
1.3117087727	0.004762
1.3120687008	0.006304
1.3124286289	0.006386
1.312788557	0.007757
1.3131484851	0.009576
1.3135084132	0.01096
1.3138683413	0.009259
1.3142282694	0.008346
1.3145881975	0.008747
1.3149481255	0.008383
1.3153080536	0.008948
1.3156679817	0.009062
1.3160279098	0.00955
1.3163878379	0.008032
1.316747766	    0.007269
1.3171076941	0.009806
1.3174676222	0.01039
1.3178275503	0.010385
1.3181874784	0.007943
1.3185474065	0.008625
1.3189073346	0.008755
1.3192672627	0.006824
1.3196271908	0.006589
1.3199871189	0.007093
1.320347047	    0.008198
1.3207069751	0.009217
1.3210669032	0.008087
1.3214268313	0.007112
1.3217867594	0.010462
1.3221466875	0.011195
1.3225066156	0.007754
1.3228665437	0.005452
1.3232264718	0.008759
1.3235863999	0.00792
1.323946328	    0.008002
1.3243062561	0.006405
1.3246661842	0.008519
1.3250261123	0.011111
3	0
