# Response curve for the CAHA H2 2.122um Curve
#  
# Wavelength(micron)  Throughput
0.3     0
2.1001	0.005023174
2.1002	0.00502925
2.1003	0.005255888
2.1004	0.00545791
2.1005	0.005648702
2.1006	0.005848381
2.1007	0.006068594
2.1008	0.006229258
2.1009	0.006472102
2.101	0.006756224
2.1011	0.006898742
2.1012	0.007068018
2.1013	0.007366918
2.1014	0.007708332
2.1015	0.00788994
2.1016	0.008110316
2.1017	0.008459648
2.1018	0.008719699
2.1019	0.009036402
2.102	0.009396073
2.1021	0.009645019
2.1022	0.010025363
2.1023	0.010425076
2.1024	0.010826474
2.1025	0.011126546
2.1026	0.011623105
2.1027	0.012193078
2.1028	0.012600278
2.1029	0.012890093
2.103	0.013577125
2.1031	0.013948984
2.1032	0.014460419
2.1033	0.01497123
2.1034	0.015641611
2.1035	0.016182164
2.1036	0.016943355
2.1037	0.017375816
2.1038	0.018081927
2.1039	0.018831673
2.104	0.019558237
2.1041	0.020232058
2.1042	0.02105288
2.1043	0.02205308
2.1044	0.02305135
2.1045	0.02372719
2.1046	0.02461937
2.1047	0.025600891
2.1048	0.026843081
2.1049	0.027939847
2.105	0.028849776
2.1051	0.029913127
2.1052	0.031498234
2.1053	0.032801895
2.1054	0.033835671
2.1055	0.034988458
2.1056	0.036692724
2.1057	0.038342674
2.1058	0.039875507
2.1059	0.041197376
2.106	0.043319812
2.1061	0.045122242
2.1062	0.047312713
2.1063	0.048892488
2.1064	0.050991273
2.1065	0.053183646
2.1066	0.055680909
2.1067	0.057444959
2.1068	0.059622946
2.1069	0.062503586
2.107	0.065138593
2.1071	0.067525587
2.1072	0.070162921
2.1073	0.072928095
2.1074	0.076136618
2.1075	0.079714627
2.1076	0.08246254
2.1077	0.085788651
2.1078	0.090191393
2.1079	0.0936133
2.108	0.096890936
2.1081	0.100485954
2.1082	0.105336571
2.1083	0.109652624
2.1084	0.113509054
2.1085	0.117011976
2.1086	0.122591486
2.1087	0.127061977
2.1088	0.132594662
2.1089	0.136613579
2.109	0.14184968
2.1091	0.148189917
2.1092	0.153672352
2.1093	0.158735056
2.1094	0.164784813
2.1095	0.171672649
2.1096	0.178380508
2.1097	0.184411221
2.1098	0.190138378
2.1099	0.198129215
2.11	0.205190487
2.1101	0.212397461
2.1102	0.218009434
2.1103	0.225904961
2.1104	0.234038677
2.1105	0.241897202
2.1106	0.248505306
2.1107	0.254949837
2.1108	0.264955826
2.1109	0.274096966
2.111	0.281356583
2.1111	0.288642254
2.1112	0.299381313
2.1113	0.308266869
2.1114	0.31757021
2.1115	0.325462418
2.1116	0.334000931
2.1117	0.344815826
2.1118	0.354680672
2.1119	0.36292553
2.112	0.371919746
2.1121	0.382313995
2.1122	0.392358856
2.1123	0.401488152
2.1124	0.408451576
2.1125	0.419425201
2.1126	0.430982781
2.1127	0.439888191
2.1128	0.447891922
2.1129	0.45937294
2.113	0.470350952
2.1131	0.480399551
2.1132	0.488982964
2.1133	0.498534012
2.1134	0.510024185
2.1135	0.520347786
2.1136	0.528588524
2.1137	0.536993675
2.1138	0.547153397
2.1139	0.556994362
2.114	0.56611126
2.1141	0.573623962
2.1142	0.582691956
2.1143	0.593283653
2.1144	0.602202911
2.1145	0.610314026
2.1146	0.618215485
2.1147	0.628048172
2.1148	0.637199593
2.1149	0.645458832
2.115	0.651059723
2.1151	0.659868622
2.1152	0.669004974
2.1153	0.6748349
2.1154	0.681056366
2.1155	0.688670349
2.1156	0.6955439
2.1157	0.702585831
2.1158	0.70844368
2.1159	0.713683548
2.116	0.721030884
2.1161	0.726200028
2.1162	0.732260361
2.1163	0.737769013
2.1164	0.743605804
2.1165	0.74908783
2.1166	0.754584045
2.1167	0.758516159
2.1168	0.762452316
2.1169	0.767511826
2.117	0.771767044
2.1171	0.775567551
2.1172	0.780097504
2.1173	0.783639374
2.1174	0.787778549
2.1175	0.790839005
2.1176	0.793700409
2.1177	0.797494965
2.1178	0.800493698
2.1179	0.803290939
2.118	0.805689087
2.1181	0.808007736
2.1182	0.810690765
2.1183	0.812360916
2.1184	0.813251724
2.1185	0.81611908
2.1186	0.818964157
2.1187	0.820682449
2.1188	0.821722107
2.1189	0.82296196
2.119	0.824065552
2.1191	0.825223312
2.1192	0.827185364
2.1193	0.828527832
2.1194	0.829937286
2.1195	0.83073288
2.1196	0.831448135
2.1197	0.831773071
2.1198	0.831947556
2.1199	0.833081513
2.12	0.834539566
2.1201	0.835376358
2.1202	0.835986023
2.1203	0.836636734
2.1204	0.836717911
2.1205	0.836461945
2.1206	0.836423721
2.1207	0.836682739
2.1208	0.836760559
2.1209	0.8373423
2.121	0.837643356
2.1211	0.837991562
2.1212	0.8382444
2.1213	0.837556152
2.1214	0.837146912
2.1215	0.83789978
2.1216	0.838143082
2.1217	0.838452988
2.1218	0.839055557
2.1219	0.838269806
2.122	0.837667007
2.1221	0.836963882
2.1222	0.836647186
2.1223	0.836816101
2.1224	0.8362854
2.1225	0.83545578
2.1226	0.835310593
2.1227	0.834981537
2.1228	0.834306564
2.1229	0.83350235
2.123	0.83341423
2.1231	0.833215332
2.1232	0.832550583
2.1233	0.831735306
2.1234	0.831040497
2.1235	0.830027237
2.1236	0.829617462
2.1237	0.82853775
2.1238	0.827610703
2.1239	0.827335815
2.124	0.826805191
2.1241	0.825120239
2.1242	0.824054871
2.1243	0.82260025
2.1244	0.822110519
2.1245	0.821358414
2.1246	0.820187302
2.1247	0.819687119
2.1248	0.818478088
2.1249	0.81715889
2.125	0.815366058
2.1251	0.813368073
2.1252	0.812581482
2.1253	0.810908508
2.1254	0.808616486
2.1255	0.807486572
2.1256	0.805009918
2.1257	0.803217926
2.1258	0.801027679
2.1259	0.799245834
2.126	0.796493607
2.1261	0.793641357
2.1262	0.791325302
2.1263	0.789471741
2.1264	0.786401672
2.1265	0.78327919
2.1266	0.780085831
2.1267	0.776949387
2.1268	0.773287659
2.1269	0.769457169
2.127	0.766225128
2.1271	0.763720856
2.1272	0.759363022
2.1273	0.754264298
2.1274	0.749292221
2.1275	0.745871582
2.1276	0.740483322
2.1277	0.734888763
2.1278	0.729354401
2.1279	0.725660095
2.128	0.720477676
2.1281	0.713913117
2.1282	0.705842362
2.1283	0.701410523
2.1284	0.697138519
2.1285	0.688888626
2.1286	0.681652756
2.1287	0.675050049
2.1288	0.669249039
2.1289	0.661139679
2.129	0.651563187
2.1291	0.644190216
2.1292	0.639780121
2.1293	0.631775932
2.1294	0.621299133
2.1295	0.612488213
2.1296	0.605800972
2.1297	0.598079453
2.1298	0.587917862
2.1299	0.578518028
2.13	0.57058239
2.1301	0.562276764
2.1302	0.550507889
2.1303	0.541692314
2.1304	0.530880508
2.1305	0.52281498
2.1306	0.51224041
2.1307	0.501559372
2.1308	0.490460663
2.1309	0.481736488
2.131	0.473571663
2.1311	0.46217804
2.1312	0.450149307
2.1313	0.440864334
2.1314	0.431910477
2.1315	0.422301407
2.1316	0.410149345
2.1317	0.399980469
2.1318	0.39196579
2.1319	0.379356728
2.132	0.367854385
2.1321	0.357428322
2.1322	0.348588867
2.1323	0.340536079
2.1324	0.328438568
2.1325	0.317182217
2.1326	0.310127487
2.1327	0.301884708
2.1328	0.290710831
2.1329	0.280816383
2.133	0.272333717
2.1331	0.26474041
2.1332	0.255946903
2.1333	0.246532631
2.1334	0.236967239
2.1335	0.229040661
2.1336	0.222104378
2.1337	0.213014431
2.1338	0.203456764
2.1339	0.197266102
2.134	0.190577202
2.1341	0.182341595
2.1342	0.173113422
2.1343	0.167250805
2.1344	0.161785641
2.1345	0.15424305
2.1346	0.148098726
2.1347	0.141449823
2.1348	0.136452217
2.1349	0.131010609
2.135	0.12460906
2.1351	0.11852293
2.1352	0.114156389
2.1353	0.109427166
2.1354	0.103655119
2.1355	0.09858017
2.1356	0.094284725
2.1357	0.090611095
2.1358	0.085806122
2.1359	0.081298409
2.136	0.077702589
2.1361	0.074423065
2.1362	0.071064882
2.1363	0.067486272
2.1364	0.064029784
2.1365	0.061317129
2.1366	0.058862591
2.1367	0.05573205
2.1368	0.052685661
2.1369	0.050439978
2.137	0.0483213
2.1371	0.045536394
2.1372	0.043406014
2.1373	0.040869036
2.1374	0.039592891
2.1375	0.037584882
2.1376	0.035564952
2.1377	0.033942091
2.1378	0.032397931
2.1379	0.0309079
2.138	0.029643462
2.1381	0.027910142
2.1382	0.026703255
2.1383	0.025730186
2.1384	0.024449637
2.1385	0.023305755
2.1386	0.022115352
2.1387	0.021310935
2.1388	0.020378125
2.1389	0.019482117
2.139	0.018460715
2.1391	0.017658402
2.1392	0.017016865
2.1393	0.016214004
2.1394	0.015442078
2.1395	0.014790357
2.1396	0.014213657
2.1397	0.013603128
2.1398	0.0129941
2.1399	0.012428048
2.14	0.012119148
2.1401	0.011502639
2.1402	0.011018951
2.1403	0.010609871
2.1404	0.010247403
2.1405	0.009822677
2.1406	0.009473563
2.1407	0.008917803
2.1408	0.008716642
2.1409	0.008373565
2.141	0.008066098
2.1411	0.007774673
2.1412	0.007366642
2.1413	0.007144482
2.1414	0.006956153
2.1415	0.006641379
2.1416	0.006372709
2.1417	0.006207443
2.1418	0.005985327
2.1419	0.005658643
2.142	0.005606825
2.1421	0.00538077
2.1422	0.005123899
2.1423	0.005019979
3   0