# METIS IMG dichroic (ZnSe), ~40 K (TBC)
# Created: Kieran Leschinski, from data from Roy van Boekel
# Date: 2018.04.26
# Note: in the original file METIS_IMG_dichroic.csv, the trans + emiss != 1
#   This is because of surface losses due to reflection. This should be accounted
#   for when including the emission from this element
#
# wavelength      transmission
#   [micron]   [dimensionless]
   1.0033284         0.0000000
   1.0100157         0.0000000
   1.0167475         0.0000000
   1.0235242         0.0000000
   1.0303461         0.0000000
   1.0372134         0.0000000
   1.0441265         0.0000000
   1.0510857         0.0000000
   1.0580913         0.0000000
   1.0651435         0.0000000
   1.0722428         0.0000000
   1.0793894         0.0000000
   1.0865836         0.0000000
   1.0938258         0.0000000
   1.1011162         0.0000000
   1.1084552         0.0000000
   1.1158432         0.0000000
   1.1232803         0.0000000
   1.1307671         0.0000000
   1.1383037         0.0000000
   1.1458906         0.0000000
   1.1535281         0.0000000
   1.1612164         0.0000000
   1.1689560         0.0000000
   1.1767472         0.0000000
   1.1845903         0.0000000
   1.1924857         0.0000000
   1.2004337         0.0000000
   1.2084347         0.0000000
   1.2164890         0.0000000
   1.2245970         0.0000000
   1.2327590         0.0000000
   1.2409754         0.0000000
   1.2492466         0.0000000
   1.2575730         0.0000000
   1.2659548         0.0000000
   1.2743925         0.0000000
   1.2828864         0.0000000
   1.2914369         0.0000000
   1.3000444         0.0000000
   1.3087093         0.0000000
   1.3174320         0.0000000
   1.3262128         0.0000000
   1.3350521         0.0000000
   1.3439503         0.0000000
   1.3529078         0.0000000
   1.3619251         0.0000000
   1.3710024         0.0000000
   1.3801402         0.0000000
   1.3893390         0.0000000
   1.3985990         0.0000000
   1.4079208         0.0000000
   1.4173047         0.0000000
   1.4267511         0.0000000
   1.4362605         0.0000000
   1.4458333         0.0000000
   1.4554699         0.0000000
   1.4651707         0.0000000
   1.4749362         0.0000000
   1.4847668         0.0000000
   1.4946628         0.0000000
   1.5046249         0.8554114
   1.5146533         0.8625918
   1.5247486         0.8698200
   1.5349112         0.8770964
   1.5451415         0.8844213
   1.5554400         0.8917950
   1.5658071         0.8992179
   1.5762433         0.9066902
   1.5867491         0.9142123
   1.5973249         0.9217846
   1.6079712         0.8648249
   1.6186884         0.7856673
   1.6294771         0.7059821
   1.6403377         0.6257658
   1.6512707         0.5450148
   1.6622765         0.4637256
   1.6733557         0.3818947
   1.6845088         0.2995183
   1.6957361         0.2165929
   1.7070383         0.2309689
   1.7184159         0.3051164
   1.7298693         0.3797580
   1.7413990         0.4548971
   1.7530055         0.5305370
   1.7646894         0.6066811
   1.7764512         0.6833327
   1.7882914         0.7604951
   1.8002105         0.8364600
   1.8122091         0.8170824
   1.8242876         0.7975756
   1.8364466         0.7779388
   1.8486866         0.7581711
   1.8610083         0.7382716
   1.8734120         0.7182396
   1.8858985         0.6980740
   1.8984681         0.6777740
   1.9111216         0.7062179
   1.9238593         0.7416289
   1.9366820         0.7772759
   1.9495901         0.8131605
   1.9625843         0.8492843
   1.9756651         0.8856489
   1.9888330         0.9222558
   2.0020887         0.9524645
   2.0154328         0.9471269
   2.0288658         0.9417537
   2.0423884         0.9363446
   2.0560010         0.9308996
   2.0697045         0.9254182
   2.0834992         0.9199003
   2.0973859         0.9143457
   2.1113651         0.9051285
   2.1254375         0.8950104
   2.1396037         0.8848249
   2.1538643         0.8745715
   2.1682200         0.8642498
   2.1826714         0.8538593
   2.1972190         0.8433995
   2.2118637         0.8186574
   2.2266059         0.7903965
   2.2414464         0.7619473
   2.2563858         0.7333084
   2.2714248         0.7044787
   2.2865640         0.6754568
   2.3018041         0.6551629
   2.3171458         0.7016176
   2.3325898         0.7483819
   2.3481367         0.7954578
   2.3637872         0.8428476
   2.3795420         0.8905532
   2.3954018         0.9385767
   2.4113674         0.9244454
   2.4274393         0.8847798
   2.4436184         0.8448498
   2.4599053         0.8046538
   2.4763007         0.7641898
   2.4928055         0.7234561
   2.5094202         0.7317280
   2.5261457         0.7779405
   2.5429826         0.8244610
   2.5599318         0.8712916
   2.5769939         0.9184343
   2.5941698         0.9658912
   2.6114601         0.9578993
   2.6288657         0.9212954
   2.6463873         0.8844475
   2.6640257         0.8473540
   2.6817816         0.8100133
   2.6996559         0.7724237
   2.7176493         0.7999036
   2.7357626         0.8288487
   2.7539967         0.8579867
   2.7723523         0.8873190
   2.7908302         0.9168467
   2.8094313         0.9268881
   2.8281564         0.9177315
   2.8470063         0.9085139
   2.8659818         0.8992349
   2.8850838         0.8898940
   2.9043131         0.8741593
   2.9236706         0.8362767
   2.9431570         0.7981417
   2.9627734         0.7597524
   2.9825205         0.7211073
   3.0023992         0.6870104
   3.0224105         0.6879309
   3.0425551         0.6888575
   3.0628339         0.6897904
   3.0832479         0.6907294
   3.1037980         0.7015534
   3.1244851         0.7563120
   3.1453100         0.8114356
   3.1662737         0.8669266
   3.1873772         0.9227874
   3.2086213         0.9571742
   3.2300070         0.9595908
   3.2515352         0.9620235
   3.2732070         0.9644724
   3.2950231         0.9669376
   3.3169847         0.9359594
   3.3390927         0.8949049
   3.3613480         0.8535768
   3.3837516         0.8119732
   3.4063046         0.7909606
   3.4290079         0.8239484
   3.4518625         0.8571562
   3.4748694         0.8905852
   3.4980297         0.9242371
   3.5213443         0.9221481
   3.5448143         0.9167031
   3.5684408         0.9112217
   3.5922247         0.9057039
   3.6161671         0.9082975
   3.6402692         0.9148532
   3.6645318         0.9214527
   3.6889562         0.9280961
   3.7135434         0.9282288
   3.7382944         0.9229816
   3.7632105         0.9176994
   3.7882925         0.9123820
   3.8135418         0.9055395
   3.8389594         0.8973551
   3.8645463         0.8891161
   3.8903038         0.8808222
   3.9162330         0.8742586
   3.9423350         0.8687250
   3.9686109         0.8631545
   3.9950620         0.8575469
   4.0216894         0.8580183
   4.0484943         0.8598946
   4.0754778         0.8617834
   4.1026412         0.8597865
   4.1299856         0.8213403
   4.1575122         0.7826378
   4.1852224         0.7436773
   4.2131172         0.6835090
   4.2411979         0.5991826
   4.2694659         0.5142940
   4.2979222         0.4288397
   4.3265681         0.3630077
   4.3554050         0.2983265
   4.3844342         0.2332142
   4.4136567         0.2205195
   4.4430741         0.2683816
   4.4726875         0.3165626
   4.5024983         0.3696542
   4.5325078         0.4736071
   4.5627173         0.5782528
   4.5931282         0.6835960
   4.6237417         0.7687486
   4.6545593         0.8483813
   4.6855823         0.9285447
   4.7168121         0.9697004
   4.7482500         0.9769940
   4.7798974         0.9843362
   4.8117558         0.9895760
   4.8438265         0.9911475
   4.8761110         0.9927294
   4.9086106         0.9940464
   4.9413269         0.9946026
   4.9742612         0.9951624
   5.0074151         0.9956593
   5.0407899         0.9959263
   5.0743871         0.9961951
   5.1082083         0.9964328
   5.1422549         0.9965690
   5.1765284         0.9967061
   5.2110303         0.9968000
   5.2457623         0.9968000
   5.2807257         0.9968000
   5.3159221         0.9967841
   5.3513531         0.9967486
   5.3870203         0.9967130
   5.4229252         0.9965854
   5.4590694         0.9964047
   5.4954545         0.9962227
   5.5320821         0.9958471
   5.5689539         0.9954415
   5.6060714         0.9949421
   5.6434363         0.9939707
   5.6810502         0.9929927
   5.7189148         0.9909490
   5.7570318         0.9878234
   5.7954029         0.9846770
   5.8340297         0.9709263
   5.8729139         0.9556448
   5.9120574         0.9077428
   5.9514617         0.7859834
   5.9911286         0.6634126
   6.0310599         0.3251206
   6.0712574         0.3630670
   6.1117228         0.3829319
   6.1524579         0.3576761
   6.1934645         0.3322520
   6.2347444         0.3833394
   6.2762995         0.4492872
   6.3181315         0.5198267
   6.3602423         0.5963000
   6.4026338         0.6634879
   6.4453078         0.5822792
   6.4882663         0.5005292
   6.5315111         0.4291372
   6.5750441         0.3613563
   6.6188673         0.3136135
   6.6629825         0.2928352
   6.7073918         0.2767823
   6.7520971         0.2851422
   6.7971003         0.2935578
   6.8424035         0.3275564
   6.8880086         0.3635388
   6.9339177         0.4245211
   6.9801328         0.4947218
   7.0266559         0.5809041
   7.0734891         0.6793007
   7.1206345         0.7697485
   7.1680941         0.8496704
   7.2158699         0.9101606
   7.2639643         0.9306488
   7.3123791         0.9425462
   7.3611167         0.9289484
   7.4101791         0.9155043
   7.4595685         0.9029100
   7.5092871         0.8924143
   7.5593371         0.8914133
   7.6097206         0.8918928
   7.6604400         0.8986385
   7.7114974         0.9054292
   7.7628951         0.9122651
   7.8146354         0.9176244
   7.8667205         0.9191349
   7.9191528         0.9185486
   7.9719346         0.9142733
   8.0250681         0.9088916
   8.0785558         0.9022591
   8.1324000         0.8964248
   8.1866031         0.8911129
   8.2411674         0.8884003
   8.2960954         0.8865328
   8.3513895         0.8878389
   8.4070522         0.8896513
   8.4630858         0.8932375
   8.5194929         0.8968086
   8.5762760         0.9003291
   8.6334375         0.9029034
   8.6909800         0.9048023
   8.7489061         0.9048066
   8.8072182         0.9042257
   8.8659190         0.9019951
   8.9250110         0.8994244
   8.9844969         0.8963907
   9.0443792         0.8936473
   9.1046607         0.8910881
   9.1653439         0.8896317
   9.2264316         0.8888529
   9.2879265         0.8889759
   9.3498312         0.8901461
   9.4121486         0.8917252
   9.4748813         0.8939208
   9.5380321         0.8961311
   9.6016038         0.8983385
   9.6655992         0.8998744
   9.7300211         0.9008201
   9.7948725         0.9010795
   9.8601560         0.9001977
   9.9258747         0.8987461
   9.9920314         0.8965630
  10.0586291         0.8937789
  10.1256706         0.8908448
  10.1931590         0.8878078
  10.2610971         0.8851172
  10.3294881         0.8827743
  10.3983350         0.8808466
  10.4676407         0.8799207
  10.5374083         0.8795748
  10.6076409         0.8798146
  10.6783416         0.8808751
  10.7495136         0.8824378
  10.8211599         0.8843136
  10.8932838         0.8864052
  10.9658883         0.8884449
  11.0389768         0.8902965
  11.1125524         0.8918757
  11.1866184         0.8929127
  11.2611781         0.8932224
  11.3362347         0.8930101
  11.4117916         0.8922760
  11.4878520         0.8908308
  11.5644194         0.8889251
  11.6414971         0.8867136
  11.7190886         0.8842701
  11.7971972         0.8816925
  11.8758264         0.8793252
  11.9549797         0.8771155
  12.0346606         0.8751721
  12.1148725         0.8736067
  12.1956190         0.8725570
  12.2769038         0.8721155
  12.3587303         0.8720587
  12.4411021         0.8724288
  12.5240230         0.8732123
  12.6074966         0.8743124
  12.6915265         0.8755729
  12.7761165         0.8769940
  12.8612703         0.8783803
  12.9469916         0.8796109
  13.0332843         0.8805996
  13.1201521         0.8813008
  13.2075989         0.8816848
  13.2956286         0.8815087
  13.3842450         0.8809103
  13.4734520         0.8798451
  13.5632536         0.8783614
  13.6536537         0.8765196
  13.7446563         0.8744282
  13.8362655         0.8721571
  13.9284852         0.8697309
  14.0213196         0.8672670
  14.1147728         0.8649602
  14.2088488         0.8628230
  14.3035519         0.8609396
  14.3988862         0.8593189
  14.4948558         0.8581617
  14.5914651         0.8574597
  14.6887184         0.8571338
  14.7866198         0.8572732
  14.8851737         0.8578110
  14.9843845         0.8588282
  15.0842566         0.8601796
  15.1847943         0.8618415
  15.2860021         0.8637340
  15.3878845         0.8657577
  15.4904459         0.8679898
  15.5936909         0.8701675
  15.6976240         0.8722525
  15.8022499         0.8742382
  15.9075731         0.8760060
  16.0135983         0.8774632
  16.1203301         0.8786626
  16.2277733         0.8794666
  16.3359327         0.8799719
  16.4448129         0.8800104
  16.5544188         0.8796823
  16.6647553         0.8791115
  16.7758271         0.8782176
  16.8876393         0.8770360
  17.0001967         0.8756976
  17.1135043         0.8743244
  17.2275671         0.8728416
  17.3423901         0.8713913
  17.4579785         0.8700043
  17.5743372         0.8688310
  17.6914715         0.8678682
  17.8093865         0.8671625
  17.9280874         0.8667719
  18.0475795         0.8667476
  18.1678680         0.8670715
  18.2889582         0.8678227
  18.4108555         0.8689194
  18.5335652         0.8703699
  18.6570929         0.8721564
  18.7814438         0.8741845
  18.9066236         0.8765258
  19.0326376         0.8789528
  19.1594916         0.8814898
  19.2871911         0.8839566
  19.4157417         0.8862676
  19.5451491         0.8883772
  19.6754190         0.8901050
  19.8065571         0.8913393
  19.9385693         0.8919386
  20.0714614         0.8887842
  20.2052392         0.8888052
  20.3399087         0.8880619
  20.4754757         0.8849886
  20.6119463         0.8801058
  20.7493265         0.8756709
  20.8876223         0.8694560
  21.0268399         0.8592697
  21.1669854         0.8469421
  21.3080649         0.8394758
  21.4500848         0.8290925
  21.5930513         0.8151157
  21.7369706         0.7970241
  21.8818491         0.7791966
  22.0276933         0.7666861
  22.1745096         0.7510314
  22.3223044         0.7325904
  22.4710842         0.7164627
  22.6208557         0.7020856
  22.7716254         0.6882523
  22.9234000         0.6729280
  23.0761862         0.6616955
  23.2299908         0.6491109
  23.3848204         0.6336090
  23.5406820         0.6148775
  23.6975824         0.5963804
  23.8555286         0.5801135
  24.0145275         0.5727915
  24.1745862         0.5652502
  24.3357116         0.5541787
  24.4979110         0.5434400
  24.6611914         0.5310883
  24.8255601         0.5178018
  24.9910244         0.5011142
  25.1575915         0.4859749
  25.3252687         0.4836801
  25.4940635         0.4849119
  25.6639834         0.4818724
  25.8350358         0.4732475
  26.0072283         0.4636482
  26.1805684         0.4617806
  26.3550639         0.4577772
  26.5307224         0.4457651
  26.7075517         0.4365453
  26.8855595         0.4370144
  27.0647538         0.4348344
  27.2451425         0.4321840
  27.4267334         0.4290188
  27.6095347         0.4235947
  27.7935543         0.4129996
  27.9788005         0.4000568
  28.1652813         0.3917971
  28.3530050         0.3826618
  28.5419800         0.3762642
  28.7322144         0.3777510
  28.9237168         0.3781122
  29.1164956         0.3678659
  29.3105592         0.3471174
  29.5059163         0.3262734
  29.7025755         0.3092940
  29.9005454         0.2937602
