#  "Lp" from Roys wish filter list, July 2018
# Wavelength  Throughput
#   [micron]  [dim-less]
      3.3975      0.0000
      3.3982      0.0000
      3.3989      0.0034
      3.3996      0.0076
      3.4003      0.0101
      3.4010      0.0105
      3.4017      0.0109
      3.4024      0.0112
      3.4031      0.0116
      3.4038      0.0119
      3.4045      0.0123
      3.4052      0.0126
      3.4059      0.0130
      3.4067      0.0133
      3.4074      0.0137
      3.4081      0.0140
      3.4088      0.0144
      3.4095      0.0147
      3.4102      0.0151
      3.4109      0.0154
      3.4116      0.0158
      3.4123      0.0162
      3.4130      0.0165
      3.4137      0.0169
      3.4144      0.0172
      3.4151      0.0176
      3.4159      0.0179
      3.4166      0.0183
      3.4173      0.0186
      3.4180      0.0190
      3.4187      0.0193
      3.4194      0.0197
      3.4201      0.0202
      3.4208      0.0211
      3.4215      0.0220
      3.4222      0.0230
      3.4230      0.0239
      3.4237      0.0249
      3.4244      0.0258
      3.4251      0.0268
      3.4258      0.0277
      3.4265      0.0287
      3.4272      0.0296
      3.4279      0.0306
      3.4286      0.0315
      3.4294      0.0325
      3.4301      0.0334
      3.4308      0.0344
      3.4315      0.0353
      3.4322      0.0363
      3.4329      0.0372
      3.4336      0.0382
      3.4343      0.0391
      3.4351      0.0401
      3.4358      0.0410
      3.4365      0.0420
      3.4372      0.0429
      3.4379      0.0439
      3.4386      0.0448
      3.4393      0.0458
      3.4401      0.0467
      3.4408      0.0477
      3.4415      0.0486
      3.4422      0.0496
      3.4429      0.0505
      3.4436      0.0515
      3.4443      0.0525
      3.4451      0.0534
      3.4458      0.0544
      3.4465      0.0553
      3.4472      0.0563
      3.4479      0.0572
      3.4486      0.0582
      3.4493      0.0591
      3.4501      0.0606
      3.4508      0.0666
      3.4515      0.0727
      3.4522      0.0788
      3.4529      0.0849
      3.4536      0.0910
      3.4544      0.0971
      3.4551      0.1032
      3.4558      0.1093
      3.4565      0.1154
      3.4572      0.1215
      3.4580      0.1276
      3.4587      0.1337
      3.4594      0.1398
      3.4601      0.1459
      3.4608      0.1520
      3.4615      0.1581
      3.4623      0.1642
      3.4630      0.1703
      3.4637      0.1764
      3.4644      0.1826
      3.4651      0.1887
      3.4659      0.1948
      3.4666      0.2009
      3.4673      0.2070
      3.4680      0.2131
      3.4687      0.2193
      3.4695      0.2254
      3.4702      0.2325
      3.4709      0.2426
      3.4716      0.2527
      3.4723      0.2627
      3.4731      0.2728
      3.4738      0.2829
      3.4745      0.2930
      3.4752      0.3031
      3.4759      0.3132
      3.4767      0.3233
      3.4774      0.3334
      3.4781      0.3435
      3.4788      0.3537
      3.4796      0.3638
      3.4803      0.3739
      3.4810      0.3840
      3.4817      0.3941
      3.4824      0.4042
      3.4832      0.4144
      3.4839      0.4245
      3.4846      0.4346
      3.4853      0.4447
      3.4861      0.4549
      3.4868      0.4650
      3.4875      0.4751
      3.4882      0.4853
      3.4890      0.4954
      3.4897      0.5056
      3.4904      0.5157
      3.4911      0.5258
      3.4919      0.5360
      3.4926      0.5461
      3.4933      0.5563
      3.4940      0.5664
      3.4948      0.5766
      3.4955      0.5868
      3.4962      0.5969
      3.4969      0.6071
      3.4977      0.6172
      3.4984      0.6274
      3.4991      0.6376
      3.4998      0.6477
      3.5006      0.6548
      3.5013      0.6610
      3.5020      0.6672
      3.5027      0.6733
      3.5035      0.6795
      3.5042      0.6857
      3.5049      0.6919
      3.5057      0.6981
      3.5064      0.7043
      3.5071      0.7105
      3.5078      0.7166
      3.5086      0.7228
      3.5093      0.7290
      3.5100      0.7352
      3.5108      0.7414
      3.5115      0.7476
      3.5122      0.7538
      3.5129      0.7600
      3.5137      0.7662
      3.5144      0.7724
      3.5151      0.7786
      3.5159      0.7848
      3.5166      0.7910
      3.5173      0.7972
      3.5180      0.8034
      3.5188      0.8096
      3.5195      0.8158
      3.5202      0.8206
      3.5210      0.8226
      3.5217      0.8245
      3.5224      0.8265
      3.5232      0.8284
      3.5239      0.8304
      3.5246      0.8323
      3.5254      0.8343
      3.5261      0.8362
      3.5268      0.8382
      3.5276      0.8402
      3.5283      0.8421
      3.5290      0.8441
      3.5298      0.8460
      3.5305      0.8480
      3.5312      0.8499
      3.5320      0.8519
      3.5327      0.8538
      3.5334      0.8558
      3.5342      0.8577
      3.5349      0.8597
      3.5356      0.8617
      3.5364      0.8636
      3.5371      0.8656
      3.5378      0.8675
      3.5386      0.8695
      3.5393      0.8714
      3.5400      0.8734
      3.5408      0.8754
      3.5415      0.8773
      3.5422      0.8793
      3.5430      0.8812
      3.5437      0.8832
      3.5444      0.8852
      3.5452      0.8871
      3.5459      0.8891
      3.5466      0.8911
      3.5474      0.8930
      3.5481      0.8950
      3.5489      0.8970
      3.5496      0.8989
      3.5503      0.9003
      3.5511      0.9011
      3.5518      0.9018
      3.5525      0.9025
      3.5533      0.9033
      3.5540      0.9040
      3.5548      0.9048
      3.5555      0.9055
      3.5562      0.9062
      3.5570      0.9070
      3.5577      0.9077
      3.5584      0.9084
      3.5592      0.9092
      3.5599      0.9099
      3.5607      0.9107
      3.5614      0.9114
      3.5621      0.9121
      3.5629      0.9129
      3.5636      0.9136
      3.5644      0.9144
      3.5651      0.9151
      3.5658      0.9158
      3.5666      0.9166
      3.5673      0.9173
      3.5681      0.9181
      3.5688      0.9188
      3.5695      0.9195
      3.5703      0.9200
      3.5710      0.9200
      3.5718      0.9200
      3.5725      0.9200
      3.5733      0.9200
      3.5740      0.9200
      3.5747      0.9200
      3.5755      0.9200
      3.5762      0.9200
      3.5770      0.9200
      3.5777      0.9200
      3.5784      0.9200
      3.5792      0.9200
      3.5799      0.9200
      3.5807      0.9200
      3.5814      0.9200
      3.5822      0.9200
      3.5829      0.9200
      3.5837      0.9200
      3.5844      0.9200
      3.5851      0.9200
      3.5859      0.9200
      3.5866      0.9200
      3.5874      0.9200
      3.5881      0.9200
      3.5889      0.9200
      3.5896      0.9200
      3.5904      0.9200
      3.5911      0.9200
      3.5918      0.9200
      3.5926      0.9200
      3.5933      0.9200
      3.5941      0.9200
      3.5948      0.9200
      3.5956      0.9200
      3.5963      0.9200
      3.5971      0.9200
      3.5978      0.9200
      3.5986      0.9200
      3.5993      0.9200
      3.6001      0.9201
      3.6008      0.9208
      3.6016      0.9216
      3.6023      0.9223
      3.6030      0.9230
      3.6038      0.9238
      3.6045      0.9245
      3.6053      0.9253
      3.6060      0.9260
      3.6068      0.9268
      3.6075      0.9275
      3.6083      0.9283
      3.6090      0.9290
      3.6098      0.9298
      3.6105      0.9305
      3.6113      0.9313
      3.6120      0.9320
      3.6128      0.9328
      3.6135      0.9335
      3.6143      0.9343
      3.6150      0.9350
      3.6158      0.9358
      3.6165      0.9365
      3.6173      0.9373
      3.6180      0.9380
      3.6188      0.9388
      3.6195      0.9395
      3.6203      0.9400
      3.6210      0.9400
      3.6218      0.9400
      3.6225      0.9400
      3.6233      0.9400
      3.6241      0.9400
      3.6248      0.9400
      3.6256      0.9400
      3.6263      0.9400
      3.6271      0.9400
      3.6278      0.9400
      3.6286      0.9400
      3.6293      0.9400
      3.6301      0.9400
      3.6308      0.9400
      3.6316      0.9400
      3.6323      0.9400
      3.6331      0.9400
      3.6338      0.9400
      3.6346      0.9400
      3.6354      0.9400
      3.6361      0.9400
      3.6369      0.9400
      3.6376      0.9400
      3.6384      0.9400
      3.6391      0.9400
      3.6399      0.9400
      3.6406      0.9400
      3.6414      0.9400
      3.6422      0.9400
      3.6429      0.9400
      3.6437      0.9400
      3.6444      0.9400
      3.6452      0.9400
      3.6459      0.9400
      3.6467      0.9400
      3.6474      0.9400
      3.6482      0.9400
      3.6490      0.9400
      3.6497      0.9400
      3.6505      0.9402
      3.6512      0.9404
      3.6520      0.9407
      3.6528      0.9409
      3.6535      0.9412
      3.6543      0.9414
      3.6550      0.9417
      3.6558      0.9419
      3.6565      0.9422
      3.6573      0.9424
      3.6581      0.9427
      3.6588      0.9429
      3.6596      0.9432
      3.6603      0.9434
      3.6611      0.9437
      3.6619      0.9440
      3.6626      0.9442
      3.6634      0.9445
      3.6641      0.9447
      3.6649      0.9450
      3.6657      0.9452
      3.6664      0.9455
      3.6672      0.9457
      3.6679      0.9460
      3.6687      0.9462
      3.6695      0.9465
      3.6702      0.9467
      3.6710      0.9470
      3.6718      0.9473
      3.6725      0.9475
      3.6733      0.9478
      3.6740      0.9480
      3.6748      0.9483
      3.6756      0.9485
      3.6763      0.9488
      3.6771      0.9490
      3.6779      0.9493
      3.6786      0.9495
      3.6794      0.9498
      3.6802      0.9500
      3.6809      0.9500
      3.6817      0.9500
      3.6824      0.9500
      3.6832      0.9500
      3.6840      0.9500
      3.6847      0.9500
      3.6855      0.9500
      3.6863      0.9500
      3.6870      0.9500
      3.6878      0.9500
      3.6886      0.9500
      3.6893      0.9500
      3.6901      0.9500
      3.6909      0.9500
      3.6916      0.9500
      3.6924      0.9500
      3.6932      0.9500
      3.6939      0.9500
      3.6947      0.9500
      3.6955      0.9500
      3.6962      0.9500
      3.6970      0.9500
      3.6978      0.9500
      3.6985      0.9500
      3.6993      0.9500
      3.7001      0.9500
      3.7008      0.9497
      3.7016      0.9495
      3.7024      0.9492
      3.7031      0.9490
      3.7039      0.9487
      3.7047      0.9484
      3.7055      0.9482
      3.7062      0.9479
      3.7070      0.9477
      3.7078      0.9474
      3.7085      0.9472
      3.7093      0.9469
      3.7101      0.9466
      3.7108      0.9464
      3.7116      0.9461
      3.7124      0.9459
      3.7132      0.9456
      3.7139      0.9454
      3.7147      0.9451
      3.7155      0.9448
      3.7162      0.9446
      3.7170      0.9443
      3.7178      0.9441
      3.7186      0.9438
      3.7193      0.9436
      3.7201      0.9433
      3.7209      0.9430
      3.7216      0.9428
      3.7224      0.9425
      3.7232      0.9423
      3.7240      0.9420
      3.7247      0.9418
      3.7255      0.9415
      3.7263      0.9412
      3.7271      0.9410
      3.7278      0.9407
      3.7286      0.9405
      3.7294      0.9402
      3.7301      0.9400
      3.7309      0.9400
      3.7317      0.9400
      3.7325      0.9400
      3.7332      0.9400
      3.7340      0.9400
      3.7348      0.9400
      3.7356      0.9400
      3.7363      0.9400
      3.7371      0.9400
      3.7379      0.9400
      3.7387      0.9400
      3.7395      0.9400
      3.7402      0.9400
      3.7410      0.9400
      3.7418      0.9400
      3.7426      0.9400
      3.7433      0.9400
      3.7441      0.9400
      3.7449      0.9400
      3.7457      0.9400
      3.7464      0.9400
      3.7472      0.9400
      3.7480      0.9400
      3.7488      0.9400
      3.7496      0.9400
      3.7503      0.9400
      3.7511      0.9400
      3.7519      0.9400
      3.7527      0.9400
      3.7535      0.9400
      3.7542      0.9400
      3.7550      0.9400
      3.7558      0.9400
      3.7566      0.9400
      3.7573      0.9400
      3.7581      0.9400
      3.7589      0.9400
      3.7597      0.9400
      3.7605      0.9400
      3.7613      0.9400
      3.7620      0.9400
      3.7628      0.9400
      3.7636      0.9400
      3.7644      0.9400
      3.7652      0.9400
      3.7659      0.9400
      3.7667      0.9400
      3.7675      0.9400
      3.7683      0.9400
      3.7691      0.9400
      3.7698      0.9400
      3.7706      0.9400
      3.7714      0.9400
      3.7722      0.9400
      3.7730      0.9400
      3.7738      0.9400
      3.7745      0.9400
      3.7753      0.9400
      3.7761      0.9400
      3.7769      0.9400
      3.7777      0.9400
      3.7785      0.9400
      3.7793      0.9400
      3.7800      0.9400
      3.7808      0.9400
      3.7816      0.9400
      3.7824      0.9400
      3.7832      0.9400
      3.7840      0.9400
      3.7847      0.9400
      3.7855      0.9400
      3.7863      0.9400
      3.7871      0.9400
      3.7879      0.9400
      3.7887      0.9400
      3.7895      0.9400
      3.7903      0.9400
      3.7910      0.9400
      3.7918      0.9400
      3.7926      0.9400
      3.7934      0.9400
      3.7942      0.9400
      3.7950      0.9400
      3.7958      0.9400
      3.7966      0.9400
      3.7973      0.9400
      3.7981      0.9400
      3.7989      0.9400
      3.7997      0.9400
      3.8005      0.9400
      3.8013      0.9400
      3.8021      0.9400
      3.8029      0.9400
      3.8037      0.9400
      3.8044      0.9400
      3.8052      0.9400
      3.8060      0.9400
      3.8068      0.9400
      3.8076      0.9400
      3.8084      0.9400
      3.8092      0.9400
      3.8100      0.9400
      3.8108      0.9400
      3.8116      0.9400
      3.8123      0.9400
      3.8131      0.9400
      3.8139      0.9400
      3.8147      0.9400
      3.8155      0.9400
      3.8163      0.9400
      3.8171      0.9400
      3.8179      0.9400
      3.8187      0.9400
      3.8195      0.9400
      3.8203      0.9399
      3.8211      0.9396
      3.8219      0.9394
      3.8226      0.9391
      3.8234      0.9389
      3.8242      0.9386
      3.8250      0.9383
      3.8258      0.9381
      3.8266      0.9378
      3.8274      0.9375
      3.8282      0.9373
      3.8290      0.9370
      3.8298      0.9367
      3.8306      0.9365
      3.8314      0.9362
      3.8322      0.9359
      3.8330      0.9357
      3.8338      0.9354
      3.8346      0.9351
      3.8354      0.9349
      3.8362      0.9346
      3.8370      0.9343
      3.8378      0.9341
      3.8386      0.9338
      3.8394      0.9335
      3.8401      0.9333
      3.8409      0.9330
      3.8417      0.9328
      3.8425      0.9325
      3.8433      0.9322
      3.8441      0.9320
      3.8449      0.9317
      3.8457      0.9314
      3.8465      0.9312
      3.8473      0.9309
      3.8481      0.9306
      3.8489      0.9304
      3.8497      0.9301
      3.8505      0.9300
      3.8513      0.9300
      3.8521      0.9300
      3.8529      0.9300
      3.8537      0.9300
      3.8545      0.9300
      3.8553      0.9300
      3.8561      0.9300
      3.8569      0.9300
      3.8577      0.9300
      3.8585      0.9300
      3.8593      0.9300
      3.8601      0.9300
      3.8609      0.9300
      3.8617      0.9300
      3.8625      0.9300
      3.8633      0.9300
      3.8641      0.9300
      3.8649      0.9300
      3.8657      0.9300
      3.8665      0.9300
      3.8673      0.9300
      3.8682      0.9300
      3.8690      0.9300
      3.8698      0.9300
      3.8706      0.9300
      3.8714      0.9300
      3.8722      0.9300
      3.8730      0.9300
      3.8738      0.9300
      3.8746      0.9300
      3.8754      0.9300
      3.8762      0.9300
      3.8770      0.9300
      3.8778      0.9300
      3.8786      0.9300
      3.8794      0.9300
      3.8802      0.9300
      3.8810      0.9300
      3.8818      0.9300
      3.8826      0.9300
      3.8834      0.9300
      3.8842      0.9300
      3.8851      0.9300
      3.8859      0.9300
      3.8867      0.9300
      3.8875      0.9300
      3.8883      0.9300
      3.8891      0.9300
      3.8899      0.9300
      3.8907      0.9300
      3.8915      0.9300
      3.8923      0.9300
      3.8931      0.9300
      3.8939      0.9300
      3.8947      0.9300
      3.8955      0.9300
      3.8964      0.9300
      3.8972      0.9300
      3.8980      0.9300
      3.8988      0.9300
      3.8996      0.9300
      3.9004      0.9300
      3.9012      0.9300
      3.9020      0.9300
      3.9028      0.9300
      3.9036      0.9300
      3.9045      0.9300
      3.9053      0.9300
      3.9061      0.9300
      3.9069      0.9300
      3.9077      0.9300
      3.9085      0.9300
      3.9093      0.9300
      3.9101      0.9300
      3.9109      0.9303
      3.9118      0.9306
      3.9126      0.9309
      3.9134      0.9311
      3.9142      0.9314
      3.9150      0.9317
      3.9158      0.9319
      3.9166      0.9322
      3.9174      0.9325
      3.9183      0.9328
      3.9191      0.9330
      3.9199      0.9333
      3.9207      0.9336
      3.9215      0.9338
      3.9223      0.9341
      3.9231      0.9344
      3.9240      0.9347
      3.9248      0.9349
      3.9256      0.9352
      3.9264      0.9355
      3.9272      0.9357
      3.9280      0.9360
      3.9288      0.9363
      3.9297      0.9366
      3.9305      0.9368
      3.9313      0.9371
      3.9321      0.9374
      3.9329      0.9376
      3.9337      0.9379
      3.9346      0.9382
      3.9354      0.9385
      3.9362      0.9387
      3.9370      0.9390
      3.9378      0.9393
      3.9386      0.9395
      3.9395      0.9398
      3.9403      0.9401
      3.9411      0.9404
      3.9419      0.9406
      3.9427      0.9409
      3.9436      0.9412
      3.9444      0.9415
      3.9452      0.9417
      3.9460      0.9420
      3.9468      0.9423
      3.9477      0.9426
      3.9485      0.9428
      3.9493      0.9431
      3.9501      0.9434
      3.9509      0.9436
      3.9518      0.9439
      3.9526      0.9442
      3.9534      0.9445
      3.9542      0.9447
      3.9550      0.9450
      3.9559      0.9453
      3.9567      0.9456
      3.9575      0.9458
      3.9583      0.9461
      3.9591      0.9464
      3.9600      0.9467
      3.9608      0.9469
      3.9616      0.9472
      3.9624      0.9475
      3.9633      0.9478
      3.9641      0.9480
      3.9649      0.9483
      3.9657      0.9486
      3.9665      0.9488
      3.9674      0.9491
      3.9682      0.9494
      3.9690      0.9497
      3.9698      0.9499
      3.9707      0.9498
      3.9715      0.9495
      3.9723      0.9492
      3.9731      0.9490
      3.9740      0.9487
      3.9748      0.9484
      3.9756      0.9481
      3.9764      0.9479
      3.9773      0.9476
      3.9781      0.9473
      3.9789      0.9470
      3.9797      0.9468
      3.9806      0.9465
      3.9814      0.9462
      3.9822      0.9459
      3.9830      0.9457
      3.9839      0.9454
      3.9847      0.9451
      3.9855      0.9448
      3.9864      0.9445
      3.9872      0.9443
      3.9880      0.9440
      3.9888      0.9437
      3.9897      0.9434
      3.9905      0.9432
      3.9913      0.9429
      3.9922      0.9426
      3.9930      0.9423
      3.9938      0.9421
      3.9946      0.9418
      3.9955      0.9415
      3.9963      0.9412
      3.9971      0.9410
      3.9980      0.9407
      3.9988      0.9404
      3.9996      0.9401
      4.0004      0.9399
      4.0013      0.9396
      4.0021      0.9393
      4.0029      0.9390
      4.0038      0.9387
      4.0046      0.9385
      4.0054      0.9382
      4.0063      0.9379
      4.0071      0.9376
      4.0079      0.9374
      4.0088      0.9371
      4.0096      0.9368
      4.0104      0.9365
      4.0113      0.9362
      4.0121      0.9360
      4.0129      0.9357
      4.0138      0.9354
      4.0146      0.9351
      4.0154      0.9349
      4.0163      0.9346
      4.0171      0.9343
      4.0179      0.9340
      4.0188      0.9337
      4.0196      0.9335
      4.0204      0.9332
      4.0213      0.9329
      4.0221      0.9326
      4.0229      0.9324
      4.0238      0.9321
      4.0246      0.9318
      4.0254      0.9315
      4.0263      0.9312
      4.0271      0.9310
      4.0279      0.9307
      4.0288      0.9304
      4.0296      0.9301
      4.0305      0.9295
      4.0313      0.9287
      4.0321      0.9279
      4.0330      0.9270
      4.0338      0.9262
      4.0346      0.9254
      4.0355      0.9245
      4.0363      0.9237
      4.0372      0.9228
      4.0380      0.9220
      4.0388      0.9212
      4.0397      0.9203
      4.0405      0.9195
      4.0413      0.9187
      4.0422      0.9178
      4.0430      0.9170
      4.0439      0.9161
      4.0447      0.9153
      4.0455      0.9145
      4.0464      0.9136
      4.0472      0.9128
      4.0481      0.9119
      4.0489      0.9111
      4.0497      0.9103
      4.0506      0.9094
      4.0514      0.9086
      4.0523      0.9077
      4.0531      0.9069
      4.0540      0.9060
      4.0548      0.9052
      4.0556      0.9044
      4.0565      0.9035
      4.0573      0.9027
      4.0582      0.9018
      4.0590      0.9010
      4.0598      0.9002
      4.0607      0.8993
      4.0615      0.8985
      4.0624      0.8976
      4.0632      0.8968
      4.0641      0.8959
      4.0649      0.8951
      4.0658      0.8942
      4.0666      0.8934
      4.0674      0.8926
      4.0683      0.8917
      4.0691      0.8909
      4.0700      0.8900
      4.0708      0.8834
      4.0717      0.8767
      4.0725      0.8699
      4.0734      0.8632
      4.0742      0.8564
      4.0750      0.8496
      4.0759      0.8429
      4.0767      0.8361
      4.0776      0.8293
      4.0784      0.8225
      4.0793      0.8158
      4.0801      0.8090
      4.0810      0.8022
      4.0818      0.7954
      4.0827      0.7887
      4.0835      0.7819
      4.0844      0.7751
      4.0852      0.7683
      4.0861      0.7615
      4.0869      0.7547
      4.0878      0.7479
      4.0886      0.7412
      4.0895      0.7344
      4.0903      0.7276
      4.0912      0.7208
      4.0920      0.7140
      4.0929      0.7072
      4.0937      0.7004
      4.0946      0.6936
      4.0954      0.6868
      4.0963      0.6800
      4.0971      0.6732
      4.0980      0.6664
      4.0988      0.6596
      4.0997      0.6528
      4.1005      0.6443
      4.1014      0.6346
      4.1022      0.6250
      4.1031      0.6153
      4.1039      0.6057
      4.1048      0.5960
      4.1056      0.5864
      4.1065      0.5767
      4.1073      0.5670
      4.1082      0.5574
      4.1090      0.5477
      4.1099      0.5380
      4.1107      0.5284
      4.1116      0.5187
      4.1124      0.5090
      4.1133      0.4993
      4.1141      0.4897
      4.1150      0.4800
      4.1159      0.4703
      4.1167      0.4606
      4.1176      0.4509
      4.1184      0.4412
      4.1193      0.4316
      4.1201      0.4219
      4.1210      0.4122
      4.1218      0.4025
      4.1227      0.3928
      4.1236      0.3831
      4.1244      0.3734
      4.1253      0.3637
      4.1261      0.3540
      4.1270      0.3442
      4.1278      0.3345
      4.1287      0.3248
      4.1295      0.3151
      4.1304      0.3078
      4.1313      0.3030
      4.1321      0.2983
      4.1330      0.2936
      4.1338      0.2889
      4.1347      0.2842
      4.1356      0.2795
      4.1364      0.2747
      4.1373      0.2700
      4.1381      0.2653
      4.1390      0.2606
      4.1398      0.2558
      4.1407      0.2511
      4.1416      0.2464
      4.1424      0.2416
      4.1433      0.2369
      4.1441      0.2322
      4.1450      0.2275
      4.1459      0.2227
      4.1467      0.2180
      4.1476      0.2132
      4.1485      0.2085
      4.1493      0.2038
      4.1502      0.1990
      4.1510      0.1943
      4.1519      0.1896
      4.1528      0.1848
      4.1536      0.1801
      4.1545      0.1753
      4.1553      0.1706
      4.1562      0.1658
      4.1571      0.1611
      4.1579      0.1564
      4.1588      0.1516
      4.1597      0.1469
      4.1605      0.1421
      4.1614      0.1374
      4.1623      0.1326
      4.1631      0.1278
      4.1640      0.1231
      4.1648      0.1183
      4.1657      0.1136
      4.1666      0.1088
      4.1674      0.1041
      4.1683      0.0993
      4.1692      0.0946
      4.1700      0.0899
      4.1709      0.0882
      4.1718      0.0865
      4.1726      0.0847
      4.1735      0.0830
      4.1744      0.0813
      4.1752      0.0795
      4.1761      0.0778
      4.1770      0.0761
      4.1778      0.0743
      4.1787      0.0726
      4.1796      0.0709
      4.1804      0.0691
      4.1813      0.0674
      4.1822      0.0657
      4.1830      0.0639
      4.1839      0.0622
      4.1848      0.0604
      4.1856      0.0587
      4.1865      0.0570
      4.1874      0.0552
      4.1883      0.0535
      4.1891      0.0517
      4.1900      0.0500
      4.1909      0.0483
      4.1917      0.0465
      4.1926      0.0448
      4.1935      0.0430
      4.1943      0.0413
      4.1952      0.0396
      4.1961      0.0378
      4.1970      0.0361
      4.1978      0.0343
      4.1987      0.0326
      4.1996      0.0309
      4.2004      0.0298
      4.2013      0.0293
      4.2022      0.0289
      4.2031      0.0285
      4.2039      0.0280
      4.2048      0.0276
      4.2057      0.0272
      4.2066      0.0267
      4.2074      0.0263
      4.2083      0.0258
      4.2092      0.0254
      4.2100      0.0250
      4.2109      0.0245
      4.2118      0.0241
      4.2127      0.0237
      4.2135      0.0232
      4.2144      0.0228
      4.2153      0.0224
      4.2162      0.0219
      4.2170      0.0215
      4.2179      0.0210
      4.2188      0.0206
      4.2197      0.0202
      4.2206      0.0197
      4.2214      0.0193
      4.2223      0.0188
      4.2232      0.0184
      4.2241      0.0180
      4.2249      0.0175
      4.2258      0.0171
      4.2267      0.0167
      4.2276      0.0162
      4.2284      0.0158
      4.2293      0.0153
      4.2302      0.0149
      4.2311      0.0145
      4.2320      0.0140
      4.2328      0.0136
      4.2337      0.0131
      4.2346      0.0127
      4.2355      0.0123
      4.2364      0.0118
      4.2372      0.0114
      4.2381      0.0109
      4.2390      0.0105
      4.2399      0.0101
      4.2407      0.0100
      4.2416      0.0100
      4.2425      0.0100
      4.2434      0.0100
      4.2443      0.0100
      4.2452      0.0100
      4.2460      0.0100
      4.2469      0.0100
      4.2478      0.0100
      4.2487      0.0100
      4.2496      0.0100
      4.2504      0.0100
      4.2513      0.0100
      4.2522      0.0100
      4.2531      0.0100
      4.2540      0.0100
      4.2549      0.0100
      4.2557      0.0100
      4.2566      0.0100
      4.2575      0.0100
      4.2584      0.0100
      4.2593      0.0100
      4.2602      0.0100
      4.2610      0.0100
      4.2619      0.0100
      4.2628      0.0100
      4.2637      0.0100
      4.2646      0.0100
      4.2655      0.0100
      4.2664      0.0100
      4.2672      0.0100
      4.2681      0.0100
      4.2690      0.0100
      4.2699      0.0100
      4.2708      0.0063
      4.2717      0.0022
      4.2726      0.0000
      4.2734      0.0000
