#  "Mp" from Roys wish filter list, July 2018
# Wavelength  Throughput
#   [micron]  [dim-less]
      4.3867      0.0000
      4.3876      0.0000
      4.3885      0.0033
      4.3894      0.0074
      4.3903      0.0103
      4.3913      0.0113
      4.3922      0.0122
      4.3931      0.0131
      4.3940      0.0140
      4.3949      0.0149
      4.3958      0.0158
      4.3967      0.0167
      4.3976      0.0176
      4.3986      0.0186
      4.3995      0.0195
      4.4004      0.0204
      4.4013      0.0213
      4.4022      0.0222
      4.4031      0.0231
      4.4040      0.0240
      4.4050      0.0250
      4.4059      0.0259
      4.4068      0.0268
      4.4077      0.0277
      4.4086      0.0286
      4.4095      0.0295
      4.4104      0.0304
      4.4114      0.0314
      4.4123      0.0323
      4.4132      0.0332
      4.4141      0.0341
      4.4150      0.0350
      4.4159      0.0359
      4.4169      0.0369
      4.4178      0.0378
      4.4187      0.0387
      4.4196      0.0396
      4.4205      0.0429
      4.4214      0.0479
      4.4224      0.0530
      4.4233      0.0580
      4.4242      0.0631
      4.4251      0.0681
      4.4260      0.0732
      4.4270      0.0782
      4.4279      0.0833
      4.4288      0.0884
      4.4297      0.0934
      4.4306      0.0985
      4.4316      0.1035
      4.4325      0.1086
      4.4334      0.1137
      4.4343      0.1187
      4.4352      0.1238
      4.4362      0.1288
      4.4371      0.1339
      4.4380      0.1390
      4.4389      0.1440
      4.4398      0.1491
      4.4408      0.1542
      4.4417      0.1593
      4.4426      0.1643
      4.4435      0.1694
      4.4444      0.1745
      4.4454      0.1795
      4.4463      0.1846
      4.4472      0.1897
      4.4481      0.1948
      4.4491      0.1999
      4.4500      0.2049
      4.4509      0.2100
      4.4518      0.2151
      4.4528      0.2202
      4.4537      0.2253
      4.4546      0.2304
      4.4555      0.2354
      4.4565      0.2405
      4.4574      0.2456
      4.4583      0.2507
      4.4592      0.2558
      4.4602      0.2618
      4.4611      0.2720
      4.4620      0.2822
      4.4629      0.2923
      4.4639      0.3025
      4.4648      0.3127
      4.4657      0.3229
      4.4666      0.3331
      4.4676      0.3433
      4.4685      0.3535
      4.4694      0.3637
      4.4704      0.3739
      4.4713      0.3842
      4.4722      0.3944
      4.4731      0.4046
      4.4741      0.4148
      4.4750      0.4250
      4.4759      0.4352
      4.4769      0.4455
      4.4778      0.4557
      4.4787      0.4659
      4.4796      0.4761
      4.4806      0.4864
      4.4815      0.4966
      4.4824      0.5068
      4.4834      0.5171
      4.4843      0.5273
      4.4852      0.5375
      4.4862      0.5478
      4.4871      0.5580
      4.4880      0.5683
      4.4890      0.5785
      4.4899      0.5888
      4.4908      0.5990
      4.4918      0.6093
      4.4927      0.6196
      4.4936      0.6298
      4.4946      0.6401
      4.4955      0.6503
      4.4964      0.6606
      4.4974      0.6709
      4.4983      0.6811
      4.4992      0.6914
      4.5002      0.7006
      4.5011      0.7039
      4.5020      0.7073
      4.5030      0.7106
      4.5039      0.7140
      4.5048      0.7174
      4.5058      0.7207
      4.5067      0.7241
      4.5076      0.7275
      4.5086      0.7309
      4.5095      0.7342
      4.5104      0.7376
      4.5114      0.7410
      4.5123      0.7443
      4.5133      0.7477
      4.5142      0.7511
      4.5151      0.7545
      4.5161      0.7578
      4.5170      0.7612
      4.5179      0.7646
      4.5189      0.7680
      4.5198      0.7713
      4.5208      0.7747
      4.5217      0.7781
      4.5226      0.7815
      4.5236      0.7849
      4.5245      0.7882
      4.5254      0.7916
      4.5264      0.7950
      4.5273      0.7984
      4.5283      0.8018
      4.5292      0.8051
      4.5301      0.8085
      4.5311      0.8119
      4.5320      0.8153
      4.5330      0.8187
      4.5339      0.8221
      4.5349      0.8255
      4.5358      0.8289
      4.5367      0.8322
      4.5377      0.8356
      4.5386      0.8390
      4.5396      0.8424
      4.5405      0.8458
      4.5414      0.8492
      4.5424      0.8526
      4.5433      0.8560
      4.5443      0.8594
      4.5452      0.8628
      4.5462      0.8662
      4.5471      0.8696
      4.5481      0.8730
      4.5490      0.8764
      4.5499      0.8798
      4.5509      0.8796
      4.5518      0.8791
      4.5528      0.8786
      4.5537      0.8781
      4.5547      0.8777
      4.5556      0.8772
      4.5566      0.8767
      4.5575      0.8762
      4.5584      0.8758
      4.5594      0.8753
      4.5603      0.8748
      4.5613      0.8744
      4.5622      0.8739
      4.5632      0.8734
      4.5641      0.8729
      4.5651      0.8725
      4.5660      0.8720
      4.5670      0.8715
      4.5679      0.8710
      4.5689      0.8706
      4.5698      0.8701
      4.5708      0.8696
      4.5717      0.8691
      4.5727      0.8687
      4.5736      0.8682
      4.5746      0.8677
      4.5755      0.8672
      4.5765      0.8668
      4.5774      0.8663
      4.5784      0.8658
      4.5793      0.8653
      4.5803      0.8649
      4.5812      0.8644
      4.5822      0.8639
      4.5831      0.8634
      4.5841      0.8630
      4.5850      0.8625
      4.5860      0.8620
      4.5869      0.8615
      4.5879      0.8611
      4.5888      0.8606
      4.5898      0.8601
      4.5907      0.8600
      4.5917      0.8600
      4.5926      0.8600
      4.5936      0.8600
      4.5946      0.8600
      4.5955      0.8600
      4.5965      0.8600
      4.5974      0.8600
      4.5984      0.8600
      4.5993      0.8600
      4.6003      0.8600
      4.6012      0.8600
      4.6022      0.8600
      4.6031      0.8600
      4.6041      0.8600
      4.6051      0.8600
      4.6060      0.8600
      4.6070      0.8600
      4.6079      0.8600
      4.6089      0.8600
      4.6098      0.8600
      4.6108      0.8600
      4.6118      0.8600
      4.6127      0.8600
      4.6137      0.8600
      4.6146      0.8600
      4.6156      0.8600
      4.6165      0.8600
      4.6175      0.8600
      4.6185      0.8600
      4.6194      0.8600
      4.6204      0.8600
      4.6213      0.8600
      4.6223      0.8600
      4.6233      0.8600
      4.6242      0.8600
      4.6252      0.8600
      4.6261      0.8600
      4.6271      0.8600
      4.6281      0.8600
      4.6290      0.8600
      4.6300      0.8600
      4.6309      0.8600
      4.6319      0.8600
      4.6329      0.8600
      4.6338      0.8600
      4.6348      0.8600
      4.6357      0.8600
      4.6367      0.8600
      4.6377      0.8600
      4.6386      0.8600
      4.6396      0.8600
      4.6406      0.8600
      4.6415      0.8600
      4.6425      0.8600
      4.6435      0.8600
      4.6444      0.8600
      4.6454      0.8600
      4.6463      0.8600
      4.6473      0.8600
      4.6483      0.8600
      4.6492      0.8600
      4.6502      0.8600
      4.6512      0.8600
      4.6521      0.8600
      4.6531      0.8600
      4.6541      0.8600
      4.6550      0.8600
      4.6560      0.8600
      4.6570      0.8600
      4.6579      0.8600
      4.6589      0.8600
      4.6599      0.8600
      4.6608      0.8600
      4.6618      0.8600
      4.6628      0.8600
      4.6637      0.8600
      4.6647      0.8600
      4.6657      0.8600
      4.6666      0.8600
      4.6676      0.8600
      4.6686      0.8600
      4.6696      0.8600
      4.6705      0.8601
      4.6715      0.8603
      4.6725      0.8605
      4.6734      0.8607
      4.6744      0.8609
      4.6754      0.8611
      4.6763      0.8613
      4.6773      0.8615
      4.6783      0.8617
      4.6793      0.8619
      4.6802      0.8620
      4.6812      0.8622
      4.6822      0.8624
      4.6831      0.8626
      4.6841      0.8628
      4.6851      0.8630
      4.6861      0.8632
      4.6870      0.8634
      4.6880      0.8636
      4.6890      0.8638
      4.6900      0.8640
      4.6909      0.8642
      4.6919      0.8644
      4.6929      0.8646
      4.6938      0.8648
      4.6948      0.8650
      4.6958      0.8652
      4.6968      0.8654
      4.6977      0.8655
      4.6987      0.8657
      4.6997      0.8659
      4.7007      0.8661
      4.7017      0.8663
      4.7026      0.8665
      4.7036      0.8667
      4.7046      0.8669
      4.7056      0.8671
      4.7065      0.8673
      4.7075      0.8675
      4.7085      0.8677
      4.7095      0.8679
      4.7104      0.8681
      4.7114      0.8683
      4.7124      0.8685
      4.7134      0.8687
      4.7144      0.8689
      4.7153      0.8691
      4.7163      0.8693
      4.7173      0.8695
      4.7183      0.8697
      4.7193      0.8699
      4.7202      0.8701
      4.7212      0.8703
      4.7222      0.8705
      4.7232      0.8708
      4.7242      0.8710
      4.7251      0.8713
      4.7261      0.8715
      4.7271      0.8718
      4.7281      0.8720
      4.7291      0.8723
      4.7300      0.8725
      4.7310      0.8728
      4.7320      0.8730
      4.7330      0.8732
      4.7340      0.8735
      4.7350      0.8737
      4.7359      0.8740
      4.7369      0.8742
      4.7379      0.8745
      4.7389      0.8747
      4.7399      0.8750
      4.7409      0.8752
      4.7418      0.8755
      4.7428      0.8757
      4.7438      0.8760
      4.7448      0.8762
      4.7458      0.8764
      4.7468      0.8767
      4.7477      0.8769
      4.7487      0.8772
      4.7497      0.8774
      4.7507      0.8777
      4.7517      0.8779
      4.7527      0.8782
      4.7537      0.8784
      4.7547      0.8787
      4.7556      0.8789
      4.7566      0.8792
      4.7576      0.8794
      4.7586      0.8797
      4.7596      0.8799
      4.7606      0.8801
      4.7616      0.8803
      4.7626      0.8805
      4.7635      0.8807
      4.7645      0.8809
      4.7655      0.8811
      4.7665      0.8813
      4.7675      0.8815
      4.7685      0.8817
      4.7695      0.8819
      4.7705      0.8821
      4.7715      0.8823
      4.7725      0.8825
      4.7734      0.8827
      4.7744      0.8829
      4.7754      0.8831
      4.7764      0.8833
      4.7774      0.8835
      4.7784      0.8837
      4.7794      0.8839
      4.7804      0.8841
      4.7814      0.8843
      4.7824      0.8845
      4.7834      0.8847
      4.7844      0.8849
      4.7853      0.8851
      4.7863      0.8853
      4.7873      0.8855
      4.7883      0.8857
      4.7893      0.8859
      4.7903      0.8861
      4.7913      0.8863
      4.7923      0.8865
      4.7933      0.8867
      4.7943      0.8869
      4.7953      0.8871
      4.7963      0.8873
      4.7973      0.8875
      4.7983      0.8877
      4.7993      0.8879
      4.8003      0.8881
      4.8013      0.8883
      4.8023      0.8885
      4.8033      0.8887
      4.8043      0.8889
      4.8053      0.8891
      4.8063      0.8893
      4.8073      0.8895
      4.8083      0.8897
      4.8093      0.8899
      4.8102      0.8901
      4.8112      0.8903
      4.8122      0.8906
      4.8132      0.8908
      4.8142      0.8911
      4.8152      0.8913
      4.8162      0.8916
      4.8172      0.8918
      4.8182      0.8921
      4.8192      0.8923
      4.8202      0.8926
      4.8212      0.8928
      4.8222      0.8931
      4.8232      0.8933
      4.8242      0.8936
      4.8253      0.8938
      4.8263      0.8941
      4.8273      0.8943
      4.8283      0.8946
      4.8293      0.8948
      4.8303      0.8951
      4.8313      0.8953
      4.8323      0.8956
      4.8333      0.8958
      4.8343      0.8961
      4.8353      0.8963
      4.8363      0.8966
      4.8373      0.8968
      4.8383      0.8971
      4.8393      0.8973
      4.8403      0.8976
      4.8413      0.8978
      4.8423      0.8981
      4.8433      0.8983
      4.8443      0.8986
      4.8453      0.8988
      4.8463      0.8991
      4.8473      0.8993
      4.8483      0.8996
      4.8494      0.8998
      4.8504      0.9000
      4.8514      0.9000
      4.8524      0.9000
      4.8534      0.9000
      4.8544      0.9000
      4.8554      0.9000
      4.8564      0.9000
      4.8574      0.9000
      4.8584      0.9000
      4.8594      0.9000
      4.8604      0.9000
      4.8614      0.9000
      4.8625      0.9000
      4.8635      0.9000
      4.8645      0.9000
      4.8655      0.9000
      4.8665      0.9000
      4.8675      0.9000
      4.8685      0.9000
      4.8695      0.9000
      4.8705      0.9000
      4.8715      0.9000
      4.8726      0.9000
      4.8736      0.9000
      4.8746      0.9000
      4.8756      0.9000
      4.8766      0.9000
      4.8776      0.9000
      4.8786      0.9000
      4.8796      0.9000
      4.8807      0.9000
      4.8817      0.9000
      4.8827      0.9000
      4.8837      0.9000
      4.8847      0.9000
      4.8857      0.9000
      4.8867      0.9000
      4.8878      0.9000
      4.8888      0.9000
      4.8898      0.9000
      4.8908      0.9000
      4.8918      0.9000
      4.8928      0.9000
      4.8938      0.9000
      4.8949      0.9000
      4.8959      0.9000
      4.8969      0.9000
      4.8979      0.9000
      4.8989      0.9000
      4.8999      0.9000
      4.9010      0.8994
      4.9020      0.8988
      4.9030      0.8982
      4.9040      0.8976
      4.9050      0.8970
      4.9061      0.8964
      4.9071      0.8958
      4.9081      0.8951
      4.9091      0.8945
      4.9101      0.8939
      4.9111      0.8933
      4.9122      0.8927
      4.9132      0.8921
      4.9142      0.8915
      4.9152      0.8909
      4.9163      0.8902
      4.9173      0.8896
      4.9183      0.8890
      4.9193      0.8884
      4.9203      0.8878
      4.9214      0.8872
      4.9224      0.8866
      4.9234      0.8860
      4.9244      0.8853
      4.9254      0.8847
      4.9265      0.8841
      4.9275      0.8835
      4.9285      0.8829
      4.9295      0.8823
      4.9306      0.8817
      4.9316      0.8811
      4.9326      0.8804
      4.9336      0.8798
      4.9347      0.8792
      4.9357      0.8786
      4.9367      0.8780
      4.9377      0.8774
      4.9388      0.8767
      4.9398      0.8761
      4.9408      0.8755
      4.9418      0.8749
      4.9429      0.8743
      4.9439      0.8737
      4.9449      0.8731
      4.9459      0.8724
      4.9470      0.8718
      4.9480      0.8712
      4.9490      0.8706
      4.9500      0.8700
      4.9511      0.8696
      4.9521      0.8692
      4.9531      0.8687
      4.9542      0.8683
      4.9552      0.8679
      4.9562      0.8675
      4.9572      0.8671
      4.9583      0.8667
      4.9593      0.8663
      4.9603      0.8659
      4.9614      0.8655
      4.9624      0.8650
      4.9634      0.8646
      4.9645      0.8642
      4.9655      0.8638
      4.9665      0.8634
      4.9675      0.8630
      4.9686      0.8626
      4.9696      0.8622
      4.9706      0.8617
      4.9717      0.8613
      4.9727      0.8609
      4.9737      0.8605
      4.9748      0.8601
      4.9758      0.8597
      4.9768      0.8593
      4.9779      0.8589
      4.9789      0.8584
      4.9799      0.8580
      4.9810      0.8576
      4.9820      0.8572
      4.9830      0.8568
      4.9841      0.8564
      4.9851      0.8560
      4.9861      0.8555
      4.9872      0.8551
      4.9882      0.8547
      4.9892      0.8543
      4.9903      0.8539
      4.9913      0.8535
      4.9924      0.8531
      4.9934      0.8526
      4.9944      0.8522
      4.9955      0.8518
      4.9965      0.8514
      4.9975      0.8510
      4.9986      0.8506
      4.9996      0.8502
      5.0007      0.8467
      5.0017      0.8415
      5.0027      0.8363
      5.0038      0.8312
      5.0048      0.8260
      5.0058      0.8208
      5.0069      0.8156
      5.0079      0.8104
      5.0090      0.8052
      5.0100      0.8000
      5.0110      0.7948
      5.0121      0.7896
      5.0131      0.7844
      5.0142      0.7792
      5.0152      0.7740
      5.0162      0.7688
      5.0173      0.7635
      5.0183      0.7583
      5.0194      0.7531
      5.0204      0.7479
      5.0215      0.7427
      5.0225      0.7375
      5.0235      0.7323
      5.0246      0.7271
      5.0256      0.7218
      5.0267      0.7166
      5.0277      0.7114
      5.0288      0.7062
      5.0298      0.7010
      5.0308      0.6958
      5.0319      0.6905
      5.0329      0.6853
      5.0340      0.6801
      5.0350      0.6749
      5.0361      0.6696
      5.0371      0.6644
      5.0382      0.6592
      5.0392      0.6539
      5.0403      0.6487
      5.0413      0.6435
      5.0424      0.6382
      5.0434      0.6330
      5.0444      0.6278
      5.0455      0.6225
      5.0465      0.6173
      5.0476      0.6121
      5.0486      0.6068
      5.0497      0.6016
      5.0507      0.5952
      5.0518      0.5882
      5.0528      0.5813
      5.0539      0.5744
      5.0549      0.5675
      5.0560      0.5606
      5.0570      0.5536
      5.0581      0.5467
      5.0591      0.5398
      5.0602      0.5328
      5.0612      0.5259
      5.0623      0.5190
      5.0633      0.5120
      5.0644      0.5051
      5.0654      0.4981
      5.0665      0.4912
      5.0675      0.4843
      5.0686      0.4773
      5.0696      0.4704
      5.0707      0.4634
      5.0717      0.4565
      5.0728      0.4495
      5.0739      0.4426
      5.0749      0.4356
      5.0760      0.4287
      5.0770      0.4217
      5.0781      0.4148
      5.0791      0.4078
      5.0802      0.4008
      5.0812      0.3939
      5.0823      0.3869
      5.0833      0.3800
      5.0844      0.3730
      5.0855      0.3660
      5.0865      0.3591
      5.0876      0.3521
      5.0886      0.3451
      5.0897      0.3381
      5.0907      0.3312
      5.0918      0.3242
      5.0928      0.3172
      5.0939      0.3102
      5.0950      0.3033
      5.0960      0.2963
      5.0971      0.2893
      5.0981      0.2823
      5.0992      0.2753
      5.1003      0.2694
      5.1013      0.2669
      5.1024      0.2644
      5.1034      0.2619
      5.1045      0.2594
      5.1055      0.2569
      5.1066      0.2544
      5.1077      0.2519
      5.1087      0.2494
      5.1098      0.2469
      5.1109      0.2444
      5.1119      0.2418
      5.1130      0.2393
      5.1140      0.2368
      5.1151      0.2343
      5.1162      0.2318
      5.1172      0.2293
      5.1183      0.2268
      5.1193      0.2243
      5.1204      0.2218
      5.1215      0.2192
      5.1225      0.2167
      5.1236      0.2142
      5.1247      0.2117
      5.1257      0.2092
      5.1268      0.2067
      5.1279      0.2042
      5.1289      0.2016
      5.1300      0.1991
      5.1310      0.1966
      5.1321      0.1941
      5.1332      0.1916
      5.1342      0.1891
      5.1353      0.1865
      5.1364      0.1840
      5.1374      0.1815
      5.1385      0.1790
      5.1396      0.1765
      5.1406      0.1739
      5.1417      0.1714
      5.1428      0.1689
      5.1438      0.1664
      5.1449      0.1638
      5.1460      0.1613
      5.1471      0.1588
      5.1481      0.1563
      5.1492      0.1537
      5.1503      0.1512
      5.1513      0.1487
      5.1524      0.1462
      5.1535      0.1436
      5.1545      0.1411
      5.1556      0.1386
      5.1567      0.1360
      5.1577      0.1335
      5.1588      0.1310
      5.1599      0.1284
      5.1610      0.1259
      5.1620      0.1234
      5.1631      0.1208
      5.1642      0.1183
      5.1652      0.1158
      5.1663      0.1132
      5.1674      0.1107
      5.1685      0.1082
      5.1695      0.1056
      5.1706      0.1031
      5.1717      0.1006
      5.1728      0.0980
      5.1738      0.0955
      5.1749      0.0929
      5.1760      0.0904
      5.1771      0.0879
      5.1781      0.0853
      5.1792      0.0828
      5.1803      0.0802
      5.1814      0.0777
      5.1824      0.0752
      5.1835      0.0726
      5.1846      0.0701
      5.1857      0.0675
      5.1867      0.0650
      5.1878      0.0624
      5.1889      0.0599
      5.1900      0.0573
      5.1910      0.0548
      5.1921      0.0523
      5.1932      0.0497
      5.1943      0.0472
      5.1954      0.0446
      5.1964      0.0421
      5.1975      0.0395
      5.1986      0.0370
      5.1997      0.0344
      5.2008      0.0319
      5.2018      0.0293
      5.2029      0.0267
      5.2040      0.0242
      5.2051      0.0216
      5.2062      0.0191
      5.2072      0.0165
      5.2083      0.0140
      5.2094      0.0114
      5.2105      0.0082
      5.2116      0.0040
      5.2126      0.0000
      5.2137      0.0000
